2.394699999999999918e+01	2.445142306967593981e+01
2.561100000000000065e+01	2.656684084149663860e+01
2.159400000000000119e+01	2.369478867622446927e+01
2.354500000000000171e+01	2.494320424486794607e+01
2.144699999999999918e+01	2.073371605972737441e+01
2.318599999999999994e+01	2.303035505433031105e+01
2.458199999999999719e+01	2.262991711577246789e+01
2.782900000000000063e+01	2.525269295644588396e+01
2.363199999999999790e+01	2.258419361600351749e+01
1.922599999999999909e+01	1.999080027731990938e+01
2.548900000000000077e+01	2.192627975710364652e+01
2.361199999999999832e+01	2.358051797033781938e+01
2.204699999999999704e+01	2.497180560367548807e+01
2.641499999999999915e+01	2.347068903163389919e+01
2.084600000000000009e+01	2.323858000096207022e+01
2.082600000000000051e+01	2.093344933008321718e+01
2.631500000000000128e+01	2.307358092971562158e+01
2.796599999999999753e+01	2.642187658886332358e+01
2.055699999999999861e+01	2.371097216305369315e+01
2.268499999999999872e+01	2.237220842979306212e+01
1.858500000000000085e+01	2.042336545143798077e+01
2.325199999999999889e+01	2.324113540526347421e+01
2.838599999999999923e+01	2.532717880976988312e+01
2.035399999999999920e+01	2.145142446397367308e+01
2.062400000000000233e+01	2.067786771007376601e+01
1.999800000000000111e+01	2.045024324946492555e+01
2.370499999999999829e+01	2.323662128493001688e+01
2.557499999999999929e+01	2.496707825872384490e+01
2.248699999999999832e+01	2.563180352850762489e+01
2.091800000000000281e+01	2.351465778831394360e+01
2.266499999999999915e+01	2.416466647644591959e+01
2.416800000000000281e+01	2.272112165854982990e+01
2.135699999999999932e+01	2.179095420456149768e+01
2.389699999999999847e+01	2.274643102643486259e+01
2.649399999999999977e+01	2.392837037533387345e+01
1.953500000000000014e+01	2.065099836939322131e+01
2.891099999999999781e+01	2.378870708484893015e+01
2.161100000000000065e+01	2.313072611560171765e+01
2.487300000000000111e+01	2.381987554422454423e+01
2.318900000000000006e+01	2.319075875805470588e+01
1.526299999999999990e+01	2.048643999639740088e+01
2.579400000000000048e+01	2.378288916181379165e+01
2.372800000000000153e+01	2.406164848371877696e+01
2.636699999999999733e+01	2.374061212187072911e+01
2.833300000000000196e+01	2.459101220805228394e+01
2.021300000000000097e+01	2.312376062827187440e+01
2.620800000000000196e+01	2.416985783487794492e+01
2.371300000000000097e+01	2.167440576082323034e+01
2.441300000000000026e+01	2.477052839103077986e+01
2.014199999999999946e+01	1.985673454432301099e+01
2.435599999999999810e+01	2.248016932105593924e+01
2.253800000000000026e+01	2.319392431034159685e+01
2.504500000000000171e+01	2.343537575307018628e+01
1.932600000000000051e+01	2.058436196993771361e+01
2.152100000000000080e+01	2.060511369437991291e+01
2.417199999999999704e+01	2.144279715458083402e+01
2.399199999999999733e+01	2.213905132965241052e+01
2.672199999999999775e+01	2.545089464010455771e+01
2.361800000000000210e+01	2.354239775414737679e+01
2.172500000000000142e+01	2.174819675641399286e+01
2.484099999999999753e+01	2.464222077524485854e+01
2.065800000000000125e+01	2.253996141371575490e+01
2.436800000000000210e+01	2.245839667945796592e+01
2.411599999999999966e+01	2.006889492634282135e+01
2.484400000000000119e+01	2.451155509456948778e+01
1.805300000000000082e+01	1.998302255699992713e+01
2.313800000000000168e+01	2.423932059959503960e+01
2.202300000000000324e+01	2.170039272373264794e+01
2.474800000000000111e+01	2.134240380522614089e+01
1.805900000000000105e+01	2.093407748287812353e+01
1.945100000000000051e+01	2.128617654974343054e+01
2.528699999999999903e+01	2.334815879366380642e+01
2.373300000000000054e+01	2.086301057346909360e+01
1.965500000000000114e+01	2.137202449004132632e+01
2.323600000000000065e+01	2.360118746209986895e+01
2.161199999999999832e+01	2.037590977784430279e+01
2.324500000000000099e+01	2.165235953623116671e+01
2.512300000000000111e+01	2.519756658970032248e+01
2.428099999999999881e+01	2.266672848290365039e+01
2.460699999999999932e+01	2.270303383382918128e+01
2.296599999999999753e+01	2.387241189269670727e+01
2.669300000000000139e+01	2.342165213985440175e+01
1.754200000000000159e+01	1.985227053226523353e+01
2.728699999999999903e+01	2.458007983869106994e+01
2.008299999999999841e+01	2.388393995610536535e+01
2.273300000000000054e+01	2.167068996821072346e+01
2.348300000000000054e+01	2.154070003536832090e+01
1.908500000000000085e+01	2.217061535754956836e+01
2.042299999999999827e+01	1.902415779231087001e+01
1.770299999999999940e+01	2.109998424978962461e+01
2.446400000000000219e+01	2.303787215640982211e+01
2.079500000000000171e+01	2.112405554369545158e+01
2.045499999999999829e+01	2.230296172982063396e+01
2.303099999999999881e+01	2.365930776508648137e+01
2.027299999999999969e+01	1.902628405803974232e+01
2.471800000000000352e+01	2.323852848366545487e+01
2.222199999999999775e+01	2.220328757390363705e+01
1.849399999999999977e+01	2.339263513128918959e+01
2.084800000000000253e+01	2.122044009002794240e+01
2.144599999999999795e+01	2.195238085780038872e+01
1.887800000000000011e+01	2.107828594069383854e+01
2.531099999999999994e+01	2.473234580760654566e+01
1.686899999999999977e+01	1.895298732114764206e+01
2.787000000000000099e+01	2.502727834724598921e+01
2.105300000000000082e+01	2.024467170513363712e+01
1.494900000000000162e+01	1.689156297969358889e+01
1.839099999999999824e+01	1.873396709943057559e+01
2.517900000000000205e+01	2.399153326690741750e+01
2.152699999999999747e+01	2.037522188776680920e+01
2.382600000000000051e+01	2.526182770157810253e+01
1.800400000000000134e+01	2.333654094363124898e+01
2.367300000000000182e+01	2.313234160368931569e+01
2.236699999999999733e+01	2.129537951048916611e+01
2.438400000000000034e+01	2.061498450804928950e+01
2.370100000000000051e+01	2.163723018058893999e+01
2.302699999999999747e+01	2.331370249451397925e+01
2.306500000000000128e+01	2.290228069695201540e+01
2.296300000000000097e+01	2.317418690870257336e+01
2.526199999999999690e+01	2.222951486219635342e+01
2.592399999999999949e+01	2.506073759824741742e+01
2.594900000000000162e+01	2.374192113140829363e+01
1.829799999999999827e+01	1.947990147551963958e+01
2.108500000000000085e+01	2.126642711542546138e+01
2.649099999999999966e+01	2.152258318928794978e+01
1.564599999999999902e+01	2.177454066390724208e+01
2.873400000000000176e+01	2.768036843908121725e+01
2.199300000000000210e+01	2.111641318354653052e+01
2.093400000000000105e+01	2.236193707824215338e+01
2.639600000000000080e+01	2.513014217099227920e+01
2.136300000000000310e+01	2.086528074400645849e+01
2.313899999999999935e+01	2.199597326476694192e+01
2.519300000000000139e+01	2.042547092639266992e+01
2.332300000000000040e+01	2.046333889965285735e+01
2.462500000000000000e+01	2.289068378845286134e+01
1.966199999999999903e+01	2.382049190365621172e+01
2.005599999999999739e+01	2.298293272587565994e+01
1.837699999999999889e+01	2.267145972380862418e+01
1.930000000000000071e+01	2.040570808218060961e+01
2.191499999999999915e+01	2.146357840337180534e+01
2.298099999999999810e+01	2.308310039671512470e+01
2.424199999999999733e+01	2.259392576148251663e+01
2.268199999999999861e+01	2.134939918964706607e+01
2.461300000000000310e+01	2.174348703658539961e+01
2.225000000000000000e+01	1.995259648854314705e+01
2.305999999999999872e+01	2.145917835127236017e+01
2.018700000000000117e+01	2.143916167489934566e+01
2.070300000000000296e+01	2.275842104903052743e+01
1.836799999999999855e+01	2.170203818215926717e+01
2.411699999999999733e+01	2.343835033945436663e+01
2.050300000000000011e+01	2.221625074912607545e+01
2.554800000000000182e+01	2.551268368803554765e+01
2.023799999999999955e+01	2.284269401197994753e+01
1.993299999999999983e+01	2.147755293360416573e+01
2.126999999999999957e+01	2.187559652447978209e+01
2.192099999999999937e+01	2.247838210800123449e+01
2.449099999999999966e+01	2.483108888159918592e+01
1.989600000000000080e+01	2.199899977320474775e+01
2.233099999999999952e+01	2.362346713414435584e+01
2.562000000000000099e+01	2.468642744917438137e+01
2.105800000000000338e+01	2.254395042267984550e+01
2.462699999999999889e+01	2.717092913554497713e+01
2.456699999999999662e+01	2.469021500788124612e+01
2.355099999999999838e+01	2.104938806676022267e+01
2.430800000000000338e+01	2.121718237600134671e+01
1.928500000000000014e+01	1.992787640494206869e+01
2.452199999999999847e+01	2.446168143243031423e+01
1.925000000000000000e+01	2.014033587645728574e+01
2.123400000000000176e+01	2.119194813133497846e+01
2.040700000000000003e+01	2.223362526380878990e+01
1.898999999999999844e+01	2.219346886153476106e+01
1.864099999999999824e+01	2.151283097028669644e+01
2.162300000000000111e+01	2.005174412647083315e+01
2.539999999999999858e+01	2.480113283142141967e+01
2.258300000000000196e+01	2.125297515631024581e+01
2.363599999999999923e+01	2.261129897291131741e+01
2.296000000000000085e+01	2.399369306579001559e+01
2.333900000000000219e+01	2.196861010590345842e+01
2.763899999999999935e+01	2.626290866374911204e+01
2.217699999999999960e+01	2.286026265586277972e+01
2.384900000000000020e+01	2.264667757978704188e+01
2.484099999999999753e+01	2.177169054432263096e+01
2.336300000000000310e+01	2.235268854664476734e+01
2.149300000000000210e+01	2.229508647990077108e+01
2.126500000000000057e+01	2.142433752811425407e+01
2.020799999999999841e+01	1.892455387418763380e+01
1.594900000000000162e+01	2.061742854345933651e+01
2.588100000000000023e+01	2.203314114325691975e+01
2.413199999999999790e+01	2.237177579509721426e+01
2.362699999999999889e+01	2.470133454150958841e+01
2.224800000000000111e+01	2.370408755132149992e+01
2.062099999999999866e+01	2.150896610893671124e+01
2.782800000000000296e+01	2.450700398889740939e+01
2.410599999999999810e+01	2.225836364890495744e+01
2.710699999999999932e+01	2.532249338345708978e+01
2.526300000000000168e+01	2.314860780029912135e+01
2.107800000000000296e+01	2.155197244843113324e+01
1.792200000000000060e+01	2.265487883318397877e+01
2.314300000000000068e+01	2.520511206257412340e+01
2.387400000000000233e+01	2.222508801870941042e+01
2.023300000000000054e+01	2.381583511080210869e+01
2.630199999999999960e+01	2.453969896452712973e+01
2.649099999999999966e+01	2.549436896159461696e+01
2.458399999999999963e+01	2.104177554743223766e+01
2.169500000000000028e+01	2.173875800078591425e+01
2.476199999999999690e+01	2.517929477361042956e+01
2.439499999999999957e+01	2.355570566672919597e+01
2.189499999999999957e+01	2.412700154756234028e+01
2.504199999999999804e+01	2.493677488906667961e+01
2.215500000000000114e+01	2.249815141817577668e+01
2.003000000000000114e+01	2.065179306734013309e+01
2.690800000000000125e+01	2.022150390504553741e+01
2.743699999999999761e+01	2.510033682177292391e+01
2.173699999999999832e+01	2.265504639239449602e+01
2.284900000000000020e+01	2.229731549498023213e+01
2.241900000000000048e+01	2.077482224823962653e+01
2.151199999999999690e+01	2.280387649313361109e+01
2.295400000000000063e+01	2.376875111795760631e+01
2.259099999999999753e+01	2.515350213990548056e+01
2.639999999999999858e+01	2.360561074030731632e+01
2.292599999999999838e+01	2.458005936398132718e+01
2.373000000000000043e+01	2.159076541151425488e+01
2.287099999999999866e+01	2.228229515911598213e+01
2.277199999999999847e+01	2.238362873338374115e+01
2.411499999999999844e+01	2.141997215775258923e+01
2.303800000000000026e+01	2.129359453850661765e+01
1.786299999999999955e+01	2.180288390044553637e+01
1.929299999999999926e+01	2.203205833435892558e+01
2.146800000000000352e+01	2.048929892952271814e+01
2.157699999999999818e+01	2.116701429894545328e+01
2.333300000000000196e+01	2.282961499301170605e+01
2.389099999999999824e+01	2.147756956298586672e+01
2.292999999999999972e+01	2.252050387059996339e+01
2.391400000000000148e+01	2.451231158366310581e+01
2.191499999999999915e+01	2.323882481177779269e+01
2.409699999999999775e+01	2.102061031482919873e+01
2.477300000000000324e+01	2.187131508370625710e+01
2.169300000000000139e+01	2.109059220530525280e+01
2.124399999999999977e+01	2.181874376539443006e+01
2.322100000000000009e+01	2.446201916749621219e+01
2.279500000000000171e+01	2.162811601973866260e+01
2.264199999999999946e+01	2.447607964403687575e+01
2.114800000000000324e+01	2.265716111995779514e+01
2.032700000000000173e+01	2.082228909496090807e+01
2.286400000000000077e+01	2.174476140879215436e+01
2.375600000000000023e+01	2.579737442229845712e+01
1.871099999999999852e+01	2.287760453180943898e+01
2.552199999999999847e+01	2.096440475844554285e+01
1.969900000000000162e+01	2.144048626737256313e+01
2.288400000000000034e+01	2.159964286056935379e+01
2.176999999999999957e+01	2.033550978887441829e+01
2.344599999999999795e+01	2.253747941323614867e+01
2.471999999999999886e+01	2.410761722212540192e+01
2.160000000000000142e+01	2.153063993234309237e+01
2.080999999999999872e+01	2.016007995993330937e+01
2.186899999999999977e+01	2.240566079059848548e+01
2.382400000000000162e+01	2.532828458357299439e+01
2.269900000000000162e+01	2.276304387106976890e+01
2.160900000000000176e+01	2.329596776898122101e+01
2.166900000000000048e+01	2.074345308668610954e+01
1.855599999999999739e+01	2.280675223381968664e+01
2.054400000000000048e+01	2.001213536075320221e+01
2.261499999999999844e+01	2.233672826584597004e+01
2.579199999999999804e+01	2.365427714125295466e+01
2.454300000000000281e+01	2.295673027179899606e+01
2.090800000000000125e+01	2.239070057783278145e+01
2.174900000000000233e+01	2.042001139792566633e+01
2.416800000000000281e+01	2.154074165318776579e+01
2.433300000000000196e+01	2.124697637037325038e+01
2.510800000000000054e+01	2.340518864429422763e+01
2.212699999999999889e+01	2.174535031051293643e+01
2.470800000000000196e+01	2.208735155237991421e+01
2.523300000000000054e+01	2.190763967187698213e+01
2.313100000000000023e+01	2.461470103720549218e+01
2.179400000000000048e+01	1.899105288759171373e+01
2.048499999999999943e+01	2.311990533809899162e+01
2.110699999999999932e+01	2.243777744151015696e+01
2.397100000000000009e+01	2.170222149541763201e+01
2.488899999999999935e+01	2.217126560711242789e+01
2.207099999999999795e+01	2.133683505428586358e+01
2.172599999999999909e+01	2.212189489544626042e+01
2.722100000000000009e+01	2.557840259280724027e+01
2.381500000000000128e+01	2.370117155772507544e+01
2.571900000000000119e+01	2.221550428347030959e+01
2.243800000000000239e+01	2.422546372348469035e+01
2.130000000000000071e+01	2.194482289157067356e+01
1.961200000000000188e+01	2.337289656476414734e+01
2.537099999999999866e+01	2.348547137544079533e+01
2.553599999999999781e+01	2.309687907438428311e+01
2.417599999999999838e+01	2.281983965968252548e+01
2.494300000000000139e+01	2.659291799989575011e+01
2.104699999999999704e+01	2.254925610420354687e+01
2.755400000000000205e+01	2.299504272718049691e+01
2.580900000000000105e+01	2.656948065382291446e+01
2.605300000000000082e+01	2.138178508465118455e+01
2.482300000000000040e+01	2.484672832381653862e+01
2.095499999999999829e+01	2.210205051582966007e+01
2.243300000000000338e+01	2.119127207407507996e+01
2.404699999999999704e+01	2.407792914078030577e+01
2.199699999999999989e+01	2.433588883675489001e+01
2.536400000000000077e+01	2.312096105173743510e+01
2.613899999999999935e+01	2.271372051074700593e+01
2.129800000000000182e+01	2.108232836271608690e+01
2.169500000000000028e+01	2.113565885499904695e+01
2.079500000000000171e+01	1.940921701574099600e+01
2.258599999999999852e+01	2.428587928512083849e+01
2.071800000000000352e+01	2.119680779012241345e+01
2.200099999999999767e+01	2.224942454218986043e+01
2.687099999999999866e+01	2.763012084040556360e+01
1.971000000000000085e+01	2.107726603172958235e+01
1.725600000000000023e+01	1.832009181263248010e+01
2.216800000000000281e+01	1.897452463765497654e+01
2.283500000000000085e+01	2.169296834281713870e+01
2.379199999999999804e+01	2.495390795433745268e+01
2.019000000000000128e+01	2.147789830672346056e+01
1.909400000000000119e+01	2.279320127797048912e+01
2.360800000000000054e+01	2.324327780266316168e+01
2.624099999999999966e+01	2.663018005264093802e+01
2.295300000000000296e+01	2.468361084247142045e+01
2.367699999999999960e+01	2.178797160970959723e+01
1.796199999999999974e+01	1.681316447038649287e+01
2.455099999999999838e+01	2.665965257521817477e+01
2.705900000000000105e+01	2.623059687794438588e+01
2.542199999999999704e+01	2.440623276935891539e+01
2.375400000000000134e+01	2.374516330614841308e+01
1.640200000000000102e+01	2.108711507427294762e+01
1.940599999999999881e+01	2.118369962322911348e+01
2.114099999999999824e+01	2.093887375315374655e+01
2.443400000000000105e+01	2.379341438621882077e+01
2.274900000000000233e+01	2.136838835450976859e+01
2.254899999999999949e+01	2.074126456050057143e+01
2.084499999999999886e+01	2.312144394972919414e+01
2.200800000000000267e+01	1.901007056498607639e+01
2.136499999999999844e+01	2.385000541122121120e+01
1.735399999999999920e+01	2.022721724537728250e+01
2.677899999999999991e+01	2.483912123717285070e+01
2.546900000000000119e+01	2.515348008840063088e+01
2.811599999999999966e+01	2.602333423806017976e+01
2.378500000000000014e+01	2.362824707602537089e+01
2.370499999999999829e+01	2.469614968170439440e+01
2.033999999999999986e+01	2.249394982849324265e+01
2.449399999999999977e+01	2.392914963188773569e+01
2.340699999999999648e+01	2.443851950594860512e+01
2.245699999999999719e+01	2.028949608344264988e+01
2.043299999999999983e+01	2.389365912682351833e+01
2.500400000000000134e+01	2.377841623815917416e+01
1.755000000000000071e+01	2.038912555193187259e+01
2.614499999999999957e+01	2.353851925204501327e+01
2.166099999999999781e+01	2.060092639783712087e+01
2.161899999999999977e+01	2.259448259882758236e+01
2.192300000000000182e+01	2.249672554334721397e+01
2.171400000000000219e+01	2.318707346338659647e+01
2.263599999999999923e+01	2.342987756520551912e+01
2.484699999999999775e+01	2.514316442314835598e+01
2.544099999999999895e+01	2.315053816352384786e+01
2.076999999999999957e+01	2.068548430719731712e+01
1.843200000000000216e+01	2.216113011808457500e+01
2.363100000000000023e+01	2.410715275776293609e+01
2.481500000000000128e+01	2.366924434048079462e+01
2.428699999999999903e+01	1.958237139075534472e+01
2.489199999999999946e+01	2.371429503402571015e+01
2.432000000000000028e+01	2.501747127504448898e+01
2.544400000000000261e+01	2.229633670395537237e+01
1.774200000000000088e+01	1.768759552641976640e+01
2.626800000000000068e+01	2.431523643580796445e+01
2.595400000000000063e+01	2.393403671694946766e+01
2.462099999999999866e+01	2.329019896694387981e+01
2.839600000000000080e+01	2.477441878694575195e+01
2.105000000000000071e+01	2.296267175305592190e+01
1.914700000000000202e+01	2.002754052851852506e+01
2.036899999999999977e+01	2.194767356330873298e+01
1.989000000000000057e+01	2.051390135317098640e+01
2.906500000000000128e+01	2.642295783066678538e+01
2.274800000000000111e+01	2.204201618417691577e+01
1.743700000000000117e+01	2.088706164605691384e+01
2.100300000000000011e+01	2.173035691920720680e+01
1.813599999999999923e+01	2.131106788626433257e+01
2.278400000000000247e+01	1.948721361030973398e+01
2.576699999999999946e+01	2.077263468964138937e+01
2.165199999999999747e+01	2.206197392768891063e+01
2.264999999999999858e+01	2.380076443641021910e+01
1.948700000000000188e+01	1.950580213955098685e+01
2.504400000000000048e+01	2.451053841726611893e+01
2.362999999999999901e+01	2.542409073867136016e+01
1.909900000000000020e+01	2.282948332826639515e+01
2.361599999999999966e+01	2.279026050165664330e+01
2.100099999999999767e+01	1.952273493053577980e+01
2.209400000000000119e+01	2.464396014243759936e+01
2.585199999999999676e+01	2.464946721459128298e+01
2.104400000000000048e+01	2.265220086819363488e+01
2.270800000000000196e+01	2.205551528853994725e+01
2.531900000000000261e+01	2.517073658542356895e+01
2.184800000000000253e+01	2.054820705135097114e+01
1.912300000000000111e+01	2.323948401427737309e+01
1.899900000000000233e+01	2.487337051432708890e+01
2.566000000000000014e+01	2.429363971484794504e+01
1.708399999999999963e+01	2.274027014801287550e+01
2.471300000000000097e+01	2.174422372519856950e+01
1.778200000000000003e+01	2.273990590671516543e+01
2.024699999999999989e+01	1.960046982286109696e+01
2.335500000000000043e+01	2.312473834706560893e+01
2.703900000000000148e+01	2.564970595099246964e+01
2.312699999999999889e+01	2.173481935460819159e+01
2.412400000000000233e+01	2.183348834493890323e+01
1.995100000000000051e+01	2.103890549903776730e+01
2.237500000000000000e+01	2.153659080099218670e+01
2.000600000000000023e+01	2.214052768050692066e+01
2.292300000000000182e+01	2.216323153240640664e+01
2.663100000000000023e+01	2.345522556726481156e+01
2.041799999999999926e+01	2.092771070030840264e+01
2.074500000000000099e+01	1.994293865723716053e+01
2.213500000000000156e+01	2.202417500944838125e+01
2.237699999999999889e+01	2.208925056690452493e+01
2.555199999999999960e+01	2.290268381686307464e+01
2.013799999999999812e+01	2.230804315116839831e+01
2.134199999999999875e+01	2.201071726382416571e+01
2.362400000000000233e+01	2.084134658120955663e+01
1.864900000000000091e+01	2.107800677798514499e+01
2.442199999999999704e+01	2.248875582016254526e+01
2.342999999999999972e+01	2.288919452703796864e+01
2.360199999999999676e+01	2.378091078720742857e+01
2.550600000000000023e+01	2.529536727158934539e+01
2.193599999999999994e+01	2.147079618493907915e+01
1.546499999999999986e+01	2.008650603291940939e+01
2.407300000000000040e+01	2.127484966651621434e+01
2.173800000000000310e+01	2.349110289872605151e+01
2.220699999999999719e+01	1.992935645552820390e+01
1.948300000000000054e+01	2.014934704325179027e+01
2.072400000000000020e+01	2.231480627033630171e+01
1.796099999999999852e+01	2.155306367003168688e+01
2.567500000000000071e+01	2.565922638748447326e+01
2.236199999999999832e+01	2.110565761268744467e+01
1.923499999999999943e+01	2.263988004578171243e+01
2.276699999999999946e+01	2.555898195532365591e+01
2.402400000000000091e+01	2.434376529950135648e+01
2.395300000000000296e+01	2.125608823058872687e+01
2.417699999999999960e+01	2.262584491698227041e+01
2.464300000000000068e+01	2.109664364938570102e+01
2.578000000000000114e+01	2.378243674161485544e+01
1.797599999999999909e+01	2.017063742544127436e+01
1.430900000000000105e+01	2.058899777531343744e+01
2.384699999999999775e+01	2.293208283742591647e+01
1.904500000000000171e+01	2.161636074444012223e+01
1.763700000000000045e+01	2.100374610288393029e+01
2.183900000000000219e+01	2.049009968437384899e+01
2.310099999999999909e+01	2.272763513790301104e+01
2.125199999999999889e+01	2.355719056643721387e+01
2.745300000000000296e+01	2.624506088728836772e+01
2.056099999999999994e+01	2.075486658595004386e+01
1.997400000000000020e+01	2.106533028921309381e+01
2.207699999999999818e+01	2.087419675431948463e+01
2.407499999999999929e+01	2.580916407014544234e+01
2.507499999999999929e+01	2.531194182795509562e+01
2.596999999999999886e+01	2.393233947609438417e+01
2.144199999999999662e+01	2.175480530026996107e+01
1.995700000000000074e+01	2.151120440052411809e+01
2.146400000000000219e+01	2.291514838963444234e+01
2.386899999999999977e+01	2.215379273327808107e+01
2.425000000000000000e+01	2.245514669369821803e+01
2.025700000000000145e+01	2.158836885787507498e+01
1.774699999999999989e+01	2.000742958578375053e+01
2.351599999999999824e+01	2.225742775703077569e+01
2.521099999999999852e+01	2.088195436326440557e+01
2.625699999999999790e+01	2.368630747344762710e+01
2.505000000000000071e+01	2.449449478259212398e+01
2.305300000000000082e+01	2.415297786885096443e+01
2.388400000000000034e+01	2.232935170387241541e+01
2.289999999999999858e+01	2.168262149569965658e+01
2.540500000000000114e+01	2.501239132091580686e+01
2.370199999999999818e+01	2.248631659356574275e+01
2.335800000000000054e+01	2.520992647066899295e+01
2.219199999999999662e+01	2.180409331560082364e+01
2.589199999999999946e+01	2.434977927686635368e+01
2.341199999999999903e+01	2.219597818305119574e+01
2.401000000000000156e+01	2.595954732558521982e+01
2.746000000000000085e+01	2.705548839831407548e+01
2.238500000000000156e+01	2.212847821734198916e+01
2.320899999999999963e+01	2.432735209858977043e+01
2.207199999999999918e+01	2.529798600192911096e+01
2.224900000000000233e+01	2.245863687968123301e+01
1.958900000000000219e+01	2.175880843591668068e+01
2.516499999999999915e+01	2.234096512994071304e+01
2.477699999999999747e+01	2.343015892927587984e+01
2.021999999999999886e+01	2.083340749415422621e+01
1.887599999999999767e+01	2.333592758632524777e+01
2.167699999999999960e+01	2.315876737426094678e+01
2.226999999999999957e+01	2.197782751257247114e+01
1.942399999999999949e+01	1.828624112850167194e+01
2.594000000000000128e+01	2.429406110170227251e+01
2.455000000000000071e+01	2.500668676388087164e+01
2.130800000000000338e+01	2.034473677833029015e+01
2.323699999999999832e+01	2.252033428557554728e+01
2.236899999999999977e+01	2.365716545341665622e+01
2.353300000000000125e+01	2.239498208915066968e+01
2.119500000000000028e+01	2.456734399357486964e+01
2.132499999999999929e+01	2.220597808807851337e+01
1.788500000000000156e+01	1.876062086488488845e+01
2.210599999999999810e+01	2.458709206502779665e+01
2.343300000000000338e+01	2.312008893620783567e+01
2.379199999999999804e+01	2.291870680822841422e+01
1.580799999999999983e+01	1.993927320581608598e+01
2.148000000000000043e+01	2.215606692081413698e+01
1.970499999999999829e+01	2.250618566738924997e+01
2.127499999999999858e+01	2.040003012579446917e+01
2.549800000000000111e+01	2.322210484840120515e+01
2.448400000000000176e+01	2.386416513196401112e+01
2.845599999999999952e+01	2.362764662534796756e+01
2.172800000000000153e+01	2.224552692234873064e+01
2.489499999999999957e+01	2.239061171945363782e+01
2.335900000000000176e+01	2.394227436043160040e+01
2.153999999999999915e+01	2.188990639710019792e+01
2.265199999999999747e+01	2.111739060379371580e+01
2.019299999999999784e+01	2.274133860944737506e+01
1.920200000000000173e+01	2.225575988918638615e+01
1.792800000000000082e+01	2.006339860741529435e+01
2.235699999999999932e+01	2.119928641220937138e+01
2.539300000000000068e+01	2.145559417624388487e+01
2.118499999999999872e+01	2.109389446033210902e+01
2.509699999999999775e+01	2.318308843766270044e+01
2.149399999999999977e+01	2.018858690887069329e+01
2.262400000000000233e+01	2.332679137817570947e+01
2.858699999999999974e+01	2.606570436839913896e+01
2.099099999999999966e+01	2.121840336574166841e+01
2.624500000000000099e+01	2.253657629283501151e+01
2.457400000000000162e+01	2.450624441877469550e+01
2.180099999999999838e+01	2.112945092317843176e+01
2.115099999999999980e+01	2.269359207944421541e+01
2.458699999999999974e+01	2.363838254339525946e+01
2.438400000000000034e+01	2.252624084602214083e+01
2.275099999999999767e+01	2.079182924942114141e+01
2.415199999999999747e+01	2.423376293577699059e+01
1.937000000000000099e+01	2.097554143764489964e+01
2.246599999999999753e+01	2.242951929546679679e+01
2.613300000000000267e+01	2.352372648637489050e+01
2.537599999999999767e+01	2.240162186765767771e+01
2.315399999999999991e+01	2.198021373327870265e+01
1.989300000000000068e+01	2.111733235223274008e+01
1.917699999999999960e+01	2.280515287677900460e+01
2.433099999999999952e+01	2.503738821767477774e+01
2.230400000000000205e+01	2.439904235741887106e+01
2.157300000000000040e+01	2.274229001560213348e+01
2.110699999999999932e+01	2.079171842340100795e+01
2.063300000000000267e+01	2.332453262083963708e+01
1.544599999999999973e+01	2.075926328523036801e+01
2.357600000000000051e+01	2.356571771358983725e+01
2.235800000000000054e+01	2.109362969844627855e+01
1.795200000000000173e+01	2.068771345282893748e+01
2.687900000000000134e+01	2.144497437363496672e+01
2.442500000000000071e+01	2.094921219401732060e+01
2.330800000000000338e+01	2.120811639288096728e+01
2.089000000000000057e+01	2.169719641158425816e+01
2.400900000000000034e+01	2.311142501526834536e+01
2.204199999999999804e+01	2.485881538657645962e+01
2.014499999999999957e+01	2.042985734256826902e+01
2.311699999999999733e+01	2.019999553623826216e+01
2.848600000000000065e+01	2.447737995101951114e+01
1.912000000000000099e+01	2.080114943073970579e+01
2.239000000000000057e+01	2.461494548146356465e+01
2.116699999999999804e+01	2.201155887563149705e+01
1.917500000000000071e+01	2.127043929095160379e+01
1.958900000000000219e+01	2.285236652551334657e+01
2.213899999999999935e+01	2.137806157528283180e+01
1.976399999999999935e+01	2.085591586908120121e+01
2.908999999999999986e+01	2.728401854192352616e+01
1.835099999999999909e+01	2.138288476606179955e+01
2.201500000000000057e+01	2.275666582024706841e+01
1.461800000000000033e+01	1.927675965730907492e+01
2.065300000000000225e+01	2.271822057846088327e+01
1.964499999999999957e+01	2.046624076379580259e+01
1.855799999999999983e+01	2.117298197037763430e+01
2.220499999999999829e+01	2.011248057188299754e+01
2.486899999999999977e+01	2.297437913197369852e+01
2.170599999999999952e+01	2.143993461458402905e+01
2.175000000000000000e+01	2.171319922373584177e+01
2.452300000000000324e+01	2.388822009656227507e+01
2.059099999999999753e+01	2.236296811492574577e+01
2.158599999999999852e+01	2.102534381262315932e+01
2.456800000000000139e+01	2.277224415081676412e+01
2.545400000000000063e+01	2.380041700504639479e+01
2.307000000000000028e+01	2.386462942865915693e+01
2.450099999999999767e+01	2.445345659511969316e+01
2.371499999999999986e+01	2.654605368389629305e+01
1.914999999999999858e+01	2.119752604935618123e+01
2.397100000000000009e+01	2.517989589438897013e+01
2.042900000000000205e+01	2.371971415954844531e+01
2.110900000000000176e+01	2.291415346606351733e+01
1.993799999999999883e+01	2.393215931946887309e+01
2.190099999999999980e+01	2.130059735196425308e+01
2.349500000000000099e+01	2.128690062644471581e+01
2.216499999999999915e+01	2.134658080020845006e+01
2.015200000000000102e+01	2.247278344135618511e+01
2.066800000000000281e+01	2.273342439206636456e+01
2.093199999999999861e+01	2.216205075909566702e+01
1.798400000000000176e+01	2.011976507292831329e+01
2.357499999999999929e+01	2.190253498575851054e+01
2.615500000000000114e+01	2.447434747961912294e+01
2.014400000000000190e+01	2.088090494415975584e+01
2.274500000000000099e+01	2.175023085924152255e+01
2.312999999999999901e+01	2.157924216322554756e+01
2.657400000000000162e+01	2.447375324061926349e+01
2.094699999999999918e+01	2.296785538725445974e+01
2.260099999999999909e+01	2.108486090731068430e+01
2.333999999999999986e+01	2.476973026519100074e+01
2.116600000000000037e+01	2.098634637511479184e+01
2.164199999999999946e+01	2.168053083004820181e+01
2.089099999999999824e+01	2.230939556604860030e+01
2.086100000000000065e+01	2.347376828366568446e+01
2.308500000000000085e+01	2.310390872074989943e+01
2.634300000000000352e+01	2.299062816713781743e+01
2.327800000000000225e+01	2.389906424358954951e+01
2.031299999999999883e+01	2.139639508255477551e+01
2.268800000000000239e+01	2.168325097021404346e+01
2.294599999999999795e+01	2.463360391020300000e+01
2.079599999999999937e+01	2.233360338668813938e+01
2.479699999999999704e+01	2.513374600735752296e+01
1.632199999999999918e+01	2.121876013434879482e+01
2.411800000000000210e+01	2.189254789568835236e+01
2.286899999999999977e+01	2.650893917870227057e+01
2.332600000000000051e+01	2.682193164336106150e+01
1.984600000000000009e+01	2.136084727903476832e+01
2.433399999999999963e+01	2.213743330709705504e+01
2.182800000000000296e+01	2.247784107787703078e+01
2.662300000000000111e+01	2.469395905296758897e+01
2.023400000000000176e+01	2.163947163664524354e+01
2.301000000000000156e+01	2.114742449937658364e+01
2.122899999999999920e+01	1.946840523876355533e+01
2.383900000000000219e+01	2.329402397394424895e+01
2.525699999999999790e+01	2.431750003473298349e+01
2.727199999999999847e+01	2.510637315487265653e+01
2.230599999999999739e+01	2.062398877037939471e+01
2.091699999999999804e+01	2.096518024389794377e+01
2.191099999999999781e+01	2.396153547869276679e+01
2.694500000000000028e+01	2.429075397629607380e+01
2.121099999999999852e+01	1.999650069335248048e+01
2.390199999999999747e+01	2.387050630233828130e+01
2.049500000000000099e+01	2.113191360347927628e+01
1.856200000000000117e+01	1.995027868630231538e+01
2.011499999999999844e+01	2.301382307353493317e+01
2.569000000000000128e+01	2.455865011636487338e+01
2.249500000000000099e+01	2.331294699485790645e+01
2.246099999999999852e+01	2.274070225174229876e+01
1.469700000000000095e+01	2.063495907189792788e+01
1.929100000000000037e+01	2.161075805975886865e+01
1.946799999999999997e+01	2.009890576908398074e+01
2.143599999999999994e+01	2.062350506147853224e+01
2.226300000000000168e+01	2.036125613882675722e+01
2.254800000000000182e+01	2.209946560249547787e+01
2.437000000000000099e+01	2.441296023107918600e+01
2.468699999999999761e+01	2.225739011146215418e+01
2.361199999999999832e+01	2.388738388773498045e+01
2.351399999999999935e+01	2.316107198845327630e+01
2.275000000000000000e+01	2.317471619101354463e+01
2.771000000000000085e+01	2.601904467905084672e+01
2.176300000000000168e+01	2.029685219665722684e+01
2.103300000000000125e+01	2.203996315602268297e+01
1.877799999999999869e+01	2.113637004455853940e+01
2.144800000000000040e+01	2.336173695708560771e+01
2.195599999999999952e+01	2.140062520482807429e+01
2.391099999999999781e+01	2.254954754259507510e+01
2.230499999999999972e+01	2.423372194795961221e+01
2.685199999999999676e+01	2.243353295670114989e+01
2.196900000000000119e+01	2.152181655814508687e+01
2.612199999999999989e+01	2.308044384068594823e+01
2.241900000000000048e+01	2.356862925910477458e+01
2.502899999999999991e+01	2.312199864918645886e+01
1.752299999999999969e+01	2.454729871444536116e+01
2.157800000000000296e+01	2.337229962349084644e+01
2.655800000000000338e+01	2.261173622260042038e+01
2.655000000000000071e+01	2.387349660814536634e+01
2.115199999999999747e+01	2.078504152112509473e+01
1.948700000000000188e+01	2.053385584697410948e+01
2.297899999999999920e+01	2.294233697106272984e+01
2.233300000000000196e+01	2.010102307494763352e+01
2.397100000000000009e+01	2.243953693086013601e+01
2.292599999999999838e+01	2.277539860481414635e+01
2.295899999999999963e+01	2.475361210140935242e+01
1.877299999999999969e+01	2.363938588930815499e+01
2.446599999999999753e+01	2.757199113236277910e+01
2.480400000000000205e+01	2.155163377262167046e+01
2.184900000000000020e+01	2.253598725089566557e+01
1.711400000000000077e+01	1.908444158863524365e+01
2.607099999999999795e+01	2.422721773308011350e+01
2.555800000000000338e+01	2.666442383391623139e+01
2.202499999999999858e+01	2.496539838712846660e+01
1.891000000000000014e+01	2.385688645884344439e+01
1.870200000000000173e+01	2.240300986180279708e+01
2.187400000000000233e+01	2.165107547018644851e+01
2.427899999999999991e+01	2.150294060304134902e+01
2.478000000000000114e+01	2.235589603460798358e+01
2.559699999999999775e+01	2.256413781395701790e+01
2.413699999999999690e+01	2.111439279453481888e+01
2.409800000000000253e+01	2.373566160446411644e+01
1.962199999999999989e+01	1.962153933853598176e+01
2.177300000000000324e+01	2.123786824509623372e+01
2.143800000000000239e+01	2.422873460749494257e+01
2.176000000000000156e+01	2.094682326860419508e+01
1.971599999999999753e+01	2.233357922722035482e+01
2.290800000000000125e+01	2.050208729520221951e+01
2.138500000000000156e+01	2.280906298811538235e+01
2.605999999999999872e+01	2.493526333857085930e+01
1.556400000000000006e+01	1.885169501850859675e+01
2.465900000000000247e+01	2.482749541872327370e+01
2.121599999999999753e+01	2.165967324476928013e+01
2.833399999999999963e+01	2.501755818934804054e+01
1.778699999999999903e+01	1.988411473333171031e+01
2.012099999999999866e+01	2.146474241892182988e+01
1.765099999999999980e+01	2.041526667806887474e+01
2.254300000000000281e+01	2.211478625218361671e+01
2.262900000000000134e+01	2.074207620066253099e+01
2.309499999999999886e+01	2.202007642381815700e+01
2.790800000000000125e+01	2.601587229457814132e+01
2.343900000000000006e+01	1.979556914475356066e+01
2.504699999999999704e+01	2.258634058545419876e+01
2.370199999999999818e+01	2.154959824838410398e+01
1.874800000000000111e+01	1.881220853086179545e+01
2.059199999999999875e+01	2.177967346993561648e+01
2.947100000000000009e+01	2.538137123965709208e+01
2.165699999999999648e+01	2.267245444287858192e+01
1.960299999999999798e+01	2.251482189114487653e+01
2.336100000000000065e+01	2.184211408149836942e+01
2.396099999999999852e+01	2.183278058364899366e+01
2.130199999999999960e+01	2.089498663467051287e+01
2.538100000000000023e+01	2.461083781443433693e+01
2.114999999999999858e+01	2.018366574608167596e+01
2.195800000000000196e+01	2.031777077637116946e+01
2.317999999999999972e+01	2.057173880685087397e+01
2.572500000000000142e+01	2.105258212480825719e+01
2.330699999999999861e+01	2.412418986363902107e+01
1.939499999999999957e+01	2.255492758031869016e+01
2.512999999999999901e+01	2.440699590651363593e+01
2.163400000000000034e+01	2.273948400489747002e+01
2.458900000000000219e+01	2.469445678934389576e+01
2.444300000000000139e+01	2.324873717466348921e+01
2.392399999999999949e+01	2.338539477932861743e+01
2.387000000000000099e+01	2.235244286259351298e+01
2.110000000000000142e+01	1.770534919205767821e+01
2.139499999999999957e+01	2.332944641404957054e+01
2.130499999999999972e+01	2.187239881335969471e+01
2.182600000000000051e+01	2.245836857996731339e+01
1.855499999999999972e+01	1.839318092037819596e+01
2.126999999999999957e+01	2.346502766379245841e+01
2.339099999999999824e+01	2.286530810909976097e+01
2.472899999999999920e+01	2.400217709246295428e+01
2.591600000000000037e+01	2.354091158248962046e+01
2.256599999999999895e+01	2.102043562767022422e+01
1.933999999999999986e+01	2.132544994931610560e+01
2.325699999999999790e+01	2.107530662650088971e+01
2.139199999999999946e+01	2.397747180285147550e+01
1.777200000000000202e+01	2.054732244417904852e+01
2.447300000000000253e+01	2.413524553846452747e+01
2.117999999999999972e+01	2.164692893912073401e+01
2.428199999999999648e+01	2.351746506162039552e+01
2.126800000000000068e+01	2.219979124785321645e+01
2.410999999999999943e+01	2.298936484253688306e+01
2.602599999999999980e+01	2.477541091319755395e+01
2.553900000000000148e+01	2.172361561589058709e+01
2.869699999999999918e+01	2.645194717043451149e+01
2.128199999999999648e+01	2.176437246996941255e+01
2.178400000000000247e+01	2.012983500269270110e+01
2.102699999999999747e+01	2.377732824159722469e+01
2.569999999999999929e+01	2.135673644492108281e+01
2.402699999999999747e+01	2.429255831588088199e+01
2.438400000000000034e+01	2.578674675508765901e+01
2.197199999999999775e+01	2.357359538219241202e+01
1.862400000000000233e+01	2.081314717029056638e+01
2.349199999999999733e+01	2.665613058134955793e+01
2.066300000000000026e+01	2.167823950996837468e+01
2.124800000000000111e+01	2.276459749819769129e+01
1.923099999999999810e+01	2.030384435913065744e+01
2.435900000000000176e+01	2.251861489366811142e+01
2.321999999999999886e+01	2.357248717922928805e+01
2.450499999999999901e+01	2.266484178371889158e+01
2.083999999999999986e+01	2.242940906573122817e+01
2.175300000000000011e+01	2.571892864398544631e+01
2.036200000000000188e+01	2.202608910425172439e+01
2.329199999999999804e+01	2.453586722450603474e+01
2.307900000000000063e+01	2.445741997037828597e+01
2.060399999999999920e+01	2.105993115169179575e+01
2.258099999999999952e+01	2.350975892100797893e+01
2.786300000000000310e+01	2.286388633115626945e+01
2.429500000000000171e+01	2.252158947372315723e+01
3.012900000000000134e+01	2.630872849443389327e+01
2.547199999999999775e+01	2.398846965292156597e+01
2.511699999999999733e+01	2.382653635720697238e+01
1.751800000000000068e+01	2.027409435614562483e+01
2.383699999999999974e+01	2.044544354363205940e+01
2.138500000000000156e+01	2.146824981332548887e+01
2.471000000000000085e+01	2.220591672901168323e+01
2.536199999999999832e+01	2.541199027894045415e+01
2.311100000000000065e+01	2.319597479410692031e+01
1.803000000000000114e+01	2.156796029363692924e+01
1.809199999999999875e+01	2.104301019883777002e+01
2.236800000000000210e+01	2.213305930675898026e+01
2.263100000000000023e+01	2.330598595976785958e+01
2.574900000000000233e+01	2.172831256196141680e+01
2.177899999999999991e+01	2.198008034494579732e+01
2.208699999999999974e+01	2.123705021370294332e+01
2.360800000000000054e+01	2.173379841245517952e+01
2.177199999999999847e+01	2.054205921719069039e+01
1.932900000000000063e+01	2.242667322769017346e+01
2.498900000000000077e+01	2.351080405013793850e+01
2.274800000000000111e+01	1.863325318977697620e+01
2.360599999999999810e+01	2.069834324774496181e+01
1.862800000000000011e+01	2.004357318869843851e+01
2.401599999999999824e+01	2.526154837404518361e+01
1.573299999999999876e+01	2.041326891222343676e+01
2.013400000000000034e+01	2.301016783183289860e+01
2.223199999999999932e+01	2.135928550867961562e+01
2.478900000000000148e+01	2.173670506411260561e+01
2.305199999999999960e+01	2.356493789561135443e+01
2.413899999999999935e+01	2.393194054900800438e+01
2.509400000000000119e+01	2.400245012985550019e+01
1.740399999999999991e+01	1.975515146730016625e+01
2.121400000000000219e+01	2.280803216296051517e+01
2.475499999999999901e+01	2.643032249557711211e+01
2.550800000000000267e+01	2.297907072662757955e+01
2.278300000000000125e+01	2.386320020496551919e+01
2.369800000000000040e+01	2.364108217679237711e+01
2.534600000000000009e+01	2.135627315203020515e+01
2.290900000000000247e+01	2.161234267886081639e+01
2.338400000000000034e+01	2.339154278899180639e+01
1.433699999999999974e+01	1.873822064517241159e+01
2.510599999999999810e+01	2.407032762675972393e+01
2.222199999999999775e+01	2.370574175019380547e+01
2.544199999999999662e+01	2.347329423405746240e+01
2.239400000000000190e+01	2.267956702032817873e+01
2.050000000000000000e+01	2.229885706072793639e+01
2.468400000000000105e+01	2.252057003755139775e+01
2.190800000000000125e+01	2.255268880894431049e+01
2.142000000000000171e+01	2.327352816810043379e+01
2.121999999999999886e+01	2.081691017215762329e+01
1.894900000000000162e+01	2.169555258426430910e+01
2.385999999999999943e+01	2.326856401883432213e+01
2.174900000000000233e+01	2.271740971951106758e+01
2.251800000000000068e+01	2.438225811325304093e+01
2.242300000000000182e+01	2.089205349926365329e+01
2.338599999999999923e+01	2.175956543288546285e+01
2.108900000000000219e+01	2.163102030005450516e+01
2.536100000000000065e+01	2.477355753799421123e+01
2.099199999999999733e+01	1.983336710390562985e+01
2.318699999999999761e+01	2.220373022869994628e+01
1.899800000000000111e+01	1.942903464649158352e+01
2.385999999999999943e+01	2.534672576408969391e+01
1.938799999999999812e+01	2.205954173019553366e+01
2.673099999999999810e+01	2.404419938901423137e+01
2.055300000000000082e+01	2.406054894424655544e+01
2.052400000000000091e+01	1.986205787951641710e+01
1.826000000000000156e+01	1.958416874893806181e+01
2.193800000000000239e+01	2.199805600259431415e+01
2.772599999999999909e+01	2.294737332079615300e+01
2.101599999999999824e+01	2.056023419971329957e+01
2.035200000000000031e+01	2.295409690243252143e+01
2.527400000000000091e+01	2.252064911167495254e+01
2.415199999999999747e+01	2.500892021542124155e+01
2.071400000000000219e+01	2.201724469862341849e+01
2.056699999999999662e+01	2.297345184487832626e+01
2.516099999999999781e+01	2.385118526347548951e+01
2.471900000000000119e+01	2.171346023054698904e+01
2.611400000000000077e+01	2.390502195895672699e+01
2.562599999999999767e+01	2.446010975513669550e+01
2.213800000000000168e+01	2.421351342007379870e+01
2.639400000000000190e+01	2.336871993084752219e+01
2.563500000000000156e+01	2.423524018911230726e+01
1.995400000000000063e+01	1.861972185337107533e+01
2.046499999999999986e+01	2.227955530291067276e+01
2.662599999999999767e+01	2.278224310581537182e+01
2.412599999999999767e+01	2.352075422361692958e+01
2.273000000000000043e+01	2.308012002885019598e+01
2.494400000000000261e+01	2.202045235763566211e+01
2.479199999999999804e+01	2.348551488358658901e+01
2.620699999999999719e+01	2.449817761463564381e+01
2.589699999999999847e+01	2.700313879617763035e+01
2.294000000000000128e+01	2.087268326236382876e+01
2.463699999999999690e+01	2.165211403825560765e+01
2.008299999999999841e+01	2.100888207778368866e+01
2.442300000000000182e+01	2.147507416591736629e+01
2.221099999999999852e+01	2.084320660485123256e+01
1.980400000000000205e+01	2.070890649739676093e+01
2.194099999999999895e+01	2.136634168772795306e+01
2.541000000000000014e+01	2.534481596384013002e+01
2.421300000000000097e+01	2.311412918959649332e+01
2.376900000000000190e+01	2.200287501985988570e+01
2.324900000000000233e+01	2.209758415897622186e+01
2.224399999999999977e+01	2.345895022572528887e+01
2.360199999999999676e+01	2.296571043545367630e+01
2.556500000000000128e+01	2.325591019993782993e+01
2.602300000000000324e+01	2.251767733312623321e+01
2.143800000000000239e+01	2.332779553135567241e+01
2.447300000000000253e+01	2.249258038187959841e+01
2.379199999999999804e+01	2.386189239288400188e+01
2.577899999999999991e+01	2.309493091538802645e+01
2.150400000000000134e+01	2.256102188811158626e+01
2.599599999999999866e+01	2.388178014243655767e+01
2.365300000000000225e+01	2.148962862417950603e+01
2.024599999999999866e+01	2.159654810595026575e+01
2.305400000000000205e+01	2.176587725320213451e+01
2.094000000000000128e+01	2.323578982433866713e+01
2.633300000000000196e+01	2.224741098531594830e+01
2.039600000000000080e+01	2.018107677846374415e+01
2.258399999999999963e+01	2.287782734745676194e+01
2.498600000000000065e+01	2.524464346924616720e+01
2.301399999999999935e+01	2.248906558834712044e+01
2.227699999999999747e+01	2.061311872751498697e+01
2.308099999999999952e+01	2.389435960196617259e+01
2.423099999999999810e+01	2.460874063367639053e+01
2.522199999999999775e+01	2.241385841820238412e+01
2.472699999999999676e+01	2.001506282323158459e+01
2.117699999999999960e+01	2.132714234745697723e+01
2.215599999999999881e+01	2.344230083119798635e+01
2.453400000000000247e+01	2.097028536662593723e+01
2.086400000000000077e+01	2.335487905856218660e+01
2.171099999999999852e+01	2.084755900162138431e+01
2.123400000000000176e+01	2.097366171386940437e+01
2.326000000000000156e+01	2.134130131500672434e+01
2.365300000000000225e+01	2.373998563838582498e+01
2.316099999999999781e+01	2.333227390369823695e+01
2.266800000000000281e+01	2.169278386769249778e+01
2.177899999999999991e+01	2.491964884949366166e+01
1.876900000000000190e+01	2.239746871979450304e+01
2.183099999999999952e+01	2.316939512660692202e+01
2.566000000000000014e+01	2.422402975923564128e+01
2.248000000000000043e+01	2.287957410043782858e+01
2.168499999999999872e+01	2.029237347128258051e+01
2.199399999999999977e+01	2.238936170215240651e+01
2.396300000000000097e+01	2.155853197089744100e+01
2.062000000000000099e+01	2.153707005175559885e+01
2.117000000000000171e+01	2.184324363624218179e+01
2.082999999999999829e+01	2.314181890940528774e+01
2.209900000000000020e+01	2.297394926006573712e+01
2.406800000000000139e+01	2.201322801656090178e+01
2.438599999999999923e+01	2.625718028806586801e+01
1.766799999999999926e+01	2.019928585808052546e+01
2.461599999999999966e+01	2.366349170043497807e+01
2.546099999999999852e+01	2.336134883858539979e+01
2.217500000000000071e+01	2.088148399576546055e+01
2.640900000000000247e+01	2.576129696516224499e+01
2.306800000000000139e+01	2.180387261541324051e+01
2.309800000000000253e+01	2.313537507416437933e+01
1.907000000000000028e+01	2.016975795448415099e+01
1.931500000000000128e+01	2.328831099258110271e+01
1.801200000000000045e+01	1.993434613672234690e+01
1.972299999999999898e+01	2.137709921293645365e+01
1.845100000000000051e+01	2.118625499741007800e+01
2.372599999999999909e+01	2.373275108738005201e+01
2.080900000000000105e+01	2.083705047419437406e+01
2.142399999999999949e+01	1.956369242374491790e+01
2.521300000000000097e+01	2.224974065132620638e+01
2.207300000000000040e+01	2.443412181277447104e+01
2.572300000000000253e+01	2.300832730006280968e+01
2.406300000000000239e+01	2.314146497115324053e+01
2.168800000000000239e+01	2.180667667035154622e+01
2.337000000000000099e+01	2.175774251068339638e+01
2.201000000000000156e+01	2.337374766132191084e+01
2.446900000000000119e+01	2.211966961578828261e+01
2.268400000000000105e+01	2.253330107087856149e+01
2.499300000000000210e+01	2.455681577723460762e+01
2.091400000000000148e+01	2.082965558288638519e+01
1.920599999999999952e+01	2.103842409485638143e+01
2.102499999999999858e+01	2.101621905369104581e+01
2.566499999999999915e+01	2.344331146050707204e+01
1.989300000000000068e+01	2.022020808804940728e+01
2.549800000000000111e+01	2.320770635050866559e+01
1.924500000000000099e+01	2.079299616370843040e+01
2.771699999999999875e+01	2.557383707335463541e+01
1.973999999999999844e+01	2.484911646148318454e+01
2.371699999999999875e+01	2.142626638789764826e+01
2.207600000000000051e+01	2.177588997717410990e+01
2.694199999999999662e+01	2.281251332984604119e+01
2.199500000000000099e+01	2.336224667006093014e+01
2.075800000000000267e+01	2.205559454211473280e+01
2.333800000000000097e+01	2.313220860127652401e+01
2.028200000000000003e+01	2.229618099537404063e+01
2.148099999999999810e+01	2.315762106178320678e+01
2.153199999999999648e+01	2.201933500658102361e+01
2.018299999999999983e+01	2.231636870623757218e+01
2.412800000000000011e+01	2.251078768282713582e+01
2.772699999999999676e+01	2.634476583553290396e+01
2.531699999999999662e+01	2.484816692048653763e+01
2.176099999999999923e+01	2.294702700654019623e+01
2.483699999999999974e+01	1.925718166237773943e+01
2.067099999999999937e+01	2.327277665404475826e+01
2.072599999999999909e+01	2.026102759847828949e+01
2.494599999999999795e+01	2.610627438314824289e+01
2.243199999999999861e+01	2.114142348725680876e+01
2.322500000000000142e+01	2.433786928652496329e+01
2.467599999999999838e+01	2.114239415004942657e+01
2.496699999999999875e+01	2.435846313957137355e+01
2.424599999999999866e+01	2.128812541964634875e+01
2.427199999999999847e+01	2.179661714418467611e+01
2.555800000000000338e+01	2.146419695309689857e+01
2.087300000000000111e+01	2.097962258525210544e+01
2.311599999999999966e+01	2.375224897782546307e+01
2.482300000000000040e+01	2.644979198393180297e+01
2.220599999999999952e+01	2.295506230399461600e+01
2.492699999999999960e+01	2.477860482688788224e+01
2.249599999999999866e+01	2.097625318708833220e+01
2.271099999999999852e+01	2.164534183650323484e+01
2.115099999999999980e+01	2.100232611112433645e+01
2.275800000000000267e+01	2.143390295355507646e+01
2.194500000000000028e+01	2.038283120625208156e+01
1.822100000000000009e+01	2.241337239186039554e+01
