2.394699999999999918e+01	2.369361720080648936e+01
2.561100000000000065e+01	2.509542731031002560e+01
2.159400000000000119e+01	2.503384826276791486e+01
2.354500000000000171e+01	2.634277602016653574e+01
2.144699999999999918e+01	2.123097394596211984e+01
2.318599999999999994e+01	2.268078071493224712e+01
2.458199999999999719e+01	2.391654845661941309e+01
2.782900000000000063e+01	2.472901451535088313e+01
2.363199999999999790e+01	2.178324443647577979e+01
1.922599999999999909e+01	2.059360255379298721e+01
2.548900000000000077e+01	2.277817342139105961e+01
2.361199999999999832e+01	2.338757325690373534e+01
2.204699999999999704e+01	2.525034571302734321e+01
2.641499999999999915e+01	2.299796959358924653e+01
2.084600000000000009e+01	2.291131741671786770e+01
2.082600000000000051e+01	2.268191471776796675e+01
2.631500000000000128e+01	2.270435160402141150e+01
2.796599999999999753e+01	2.605348758839943457e+01
2.055699999999999861e+01	2.461681588931721976e+01
2.268499999999999872e+01	2.282501779569908607e+01
1.858500000000000085e+01	2.214733152332108190e+01
2.325199999999999889e+01	2.312307054438893417e+01
2.838599999999999923e+01	2.636413700813513117e+01
2.035399999999999920e+01	2.336792273256834918e+01
2.062400000000000233e+01	2.178134642467642479e+01
1.999800000000000111e+01	2.147434331124618367e+01
2.370499999999999829e+01	2.281800273071660712e+01
2.557499999999999929e+01	2.543721644973896190e+01
2.248699999999999832e+01	2.565183434681009089e+01
2.091800000000000281e+01	2.259381525594016793e+01
2.266499999999999915e+01	2.345195953687508350e+01
2.416800000000000281e+01	2.337450304046752692e+01
2.135699999999999932e+01	2.158516820887978938e+01
2.389699999999999847e+01	2.232288879952969651e+01
2.649399999999999977e+01	2.268721074897641543e+01
1.953500000000000014e+01	2.229803863332255887e+01
2.891099999999999781e+01	2.421151891709097725e+01
2.161100000000000065e+01	2.550923561287297403e+01
2.487300000000000111e+01	2.378490319836306455e+01
2.318900000000000006e+01	2.474926235668331742e+01
1.526299999999999990e+01	2.067964420801101610e+01
2.579400000000000048e+01	2.412276867480367670e+01
2.372800000000000153e+01	2.373955068663802237e+01
2.636699999999999733e+01	2.287030574740378697e+01
2.833300000000000196e+01	2.388020736838819502e+01
2.021300000000000097e+01	2.341276642418900167e+01
2.620800000000000196e+01	2.446927946561888945e+01
2.371300000000000097e+01	2.033362973862333334e+01
2.441300000000000026e+01	2.461376629485847189e+01
2.014199999999999946e+01	2.080827933075537928e+01
2.435599999999999810e+01	2.304976524796765247e+01
2.253800000000000026e+01	2.307034848161839591e+01
2.504500000000000171e+01	2.458885527209336530e+01
1.932600000000000051e+01	2.063133494430250181e+01
2.152100000000000080e+01	2.128308139752827444e+01
2.417199999999999704e+01	2.253129941696354166e+01
2.399199999999999733e+01	2.253057530044284107e+01
2.672199999999999775e+01	2.230433750063461318e+01
2.361800000000000210e+01	2.306100114907075138e+01
2.172500000000000142e+01	2.160612336574936876e+01
2.484099999999999753e+01	2.439470791806455807e+01
2.065800000000000125e+01	2.186920073542704657e+01
2.436800000000000210e+01	2.252187685648514659e+01
2.411599999999999966e+01	2.109403162684000677e+01
2.484400000000000119e+01	2.528675379725906680e+01
1.805300000000000082e+01	2.229174976664572938e+01
2.313800000000000168e+01	2.406976282674681045e+01
2.202300000000000324e+01	2.169086802292412131e+01
2.474800000000000111e+01	2.207094793451109283e+01
1.805900000000000105e+01	2.359109825318002507e+01
1.945100000000000051e+01	2.217567163923538232e+01
2.528699999999999903e+01	2.413279268483850259e+01
2.373300000000000054e+01	2.107506073851265072e+01
1.965500000000000114e+01	2.213125781255300595e+01
2.323600000000000065e+01	2.310838053836736350e+01
2.161199999999999832e+01	2.014513657062515861e+01
2.324500000000000099e+01	2.210687263159398697e+01
2.512300000000000111e+01	2.404500667220133181e+01
2.428099999999999881e+01	2.321549296075686897e+01
2.460699999999999932e+01	2.180603882926322257e+01
2.296599999999999753e+01	2.378768922194739233e+01
2.669300000000000139e+01	2.479041302749364206e+01
1.754200000000000159e+01	2.123208747088711235e+01
2.728699999999999903e+01	2.508713797222279140e+01
2.008299999999999841e+01	2.385946791674893319e+01
2.273300000000000054e+01	2.264150514156458982e+01
2.348300000000000054e+01	2.274307926942685043e+01
1.908500000000000085e+01	2.257986566117541827e+01
2.042299999999999827e+01	1.924856797703174038e+01
1.770299999999999940e+01	2.152323917370965844e+01
2.446400000000000219e+01	2.356243795566151533e+01
2.079500000000000171e+01	2.048008480779881069e+01
2.045499999999999829e+01	2.133954729315432530e+01
2.303099999999999881e+01	2.290963735062132400e+01
2.027299999999999969e+01	2.094963791095261030e+01
2.471800000000000352e+01	2.397393180913311639e+01
2.222199999999999775e+01	2.271080710469151143e+01
1.849399999999999977e+01	2.269352220097731276e+01
2.084800000000000253e+01	2.092237081024440570e+01
2.144599999999999795e+01	2.063488455743972949e+01
1.887800000000000011e+01	2.220235915055630471e+01
2.531099999999999994e+01	2.307388604632346230e+01
1.686899999999999977e+01	2.164134179364797816e+01
2.787000000000000099e+01	2.463642506669136978e+01
2.105300000000000082e+01	2.281602909430716508e+01
1.494900000000000162e+01	1.896753464105309561e+01
1.839099999999999824e+01	1.783030598312606330e+01
2.517900000000000205e+01	2.418896571496914305e+01
2.152699999999999747e+01	2.194939039410501280e+01
2.382600000000000051e+01	2.449886904032444690e+01
1.800400000000000134e+01	2.228475129109994768e+01
2.367300000000000182e+01	2.204405520899960536e+01
2.236699999999999733e+01	2.143620744471043338e+01
2.438400000000000034e+01	2.097699293444865631e+01
2.370100000000000051e+01	2.227674821448148634e+01
2.302699999999999747e+01	2.419927914718783413e+01
2.306500000000000128e+01	2.421994687678901670e+01
2.296300000000000097e+01	2.499223282962631387e+01
2.526199999999999690e+01	2.267394235602597874e+01
2.592399999999999949e+01	2.480533041840232400e+01
2.594900000000000162e+01	2.321687732500280532e+01
1.829799999999999827e+01	2.066182382887868130e+01
2.108500000000000085e+01	2.112303515246500396e+01
2.649099999999999966e+01	2.221269471417603825e+01
1.564599999999999902e+01	2.101551815177085913e+01
2.873400000000000176e+01	2.652200367570358353e+01
2.199300000000000210e+01	2.368607616896003876e+01
2.093400000000000105e+01	2.130074038799515890e+01
2.639600000000000080e+01	2.423353564934798854e+01
2.136300000000000310e+01	2.172703123399346836e+01
2.313899999999999935e+01	2.274015184131093292e+01
2.519300000000000139e+01	2.214703370584582842e+01
2.332300000000000040e+01	2.126941595445040178e+01
2.462500000000000000e+01	2.370800962733358475e+01
1.966199999999999903e+01	2.365744445372353155e+01
2.005599999999999739e+01	2.265024782224469035e+01
1.837699999999999889e+01	2.145918450308749925e+01
1.930000000000000071e+01	2.196118341765768633e+01
2.191499999999999915e+01	2.174805083440481823e+01
2.298099999999999810e+01	2.325107251948745102e+01
2.424199999999999733e+01	2.229022278666155188e+01
2.268199999999999861e+01	2.176410679337568510e+01
2.461300000000000310e+01	2.239325551450986040e+01
2.225000000000000000e+01	2.249937644342779919e+01
2.305999999999999872e+01	2.146143611267157425e+01
2.018700000000000117e+01	2.232001549495337756e+01
2.070300000000000296e+01	2.292235315781519489e+01
1.836799999999999855e+01	2.306320263176221275e+01
2.411699999999999733e+01	2.371480251614571344e+01
2.050300000000000011e+01	2.117196408092098636e+01
2.554800000000000182e+01	2.520937457324933106e+01
2.023799999999999955e+01	2.269625996564102266e+01
1.993299999999999983e+01	2.157546233024747195e+01
2.126999999999999957e+01	2.170515645600072929e+01
2.192099999999999937e+01	2.170401297275969554e+01
2.449099999999999966e+01	2.404007489185382340e+01
1.989600000000000080e+01	2.264383522397378457e+01
2.233099999999999952e+01	2.502576622708686926e+01
2.562000000000000099e+01	2.418951748824358461e+01
2.105800000000000338e+01	2.261904674548248906e+01
2.462699999999999889e+01	2.608444000817386055e+01
2.456699999999999662e+01	2.607446260909919289e+01
2.355099999999999838e+01	2.289653820420674890e+01
2.430800000000000338e+01	2.144172794741916732e+01
1.928500000000000014e+01	1.898841325275293812e+01
2.452199999999999847e+01	2.371449447123994503e+01
1.925000000000000000e+01	2.093184619471649910e+01
2.123400000000000176e+01	1.999583512682733755e+01
2.040700000000000003e+01	2.182178713995565644e+01
1.898999999999999844e+01	2.168442406295869418e+01
1.864099999999999824e+01	2.263798550122838904e+01
2.162300000000000111e+01	2.122364717929298195e+01
2.539999999999999858e+01	2.340774016877484698e+01
2.258300000000000196e+01	2.142082872367365809e+01
2.363599999999999923e+01	2.403202282050386884e+01
2.296000000000000085e+01	2.305838811587168280e+01
2.333900000000000219e+01	2.075840657448699744e+01
2.763899999999999935e+01	2.561057329805095151e+01
2.217699999999999960e+01	2.384507940811277393e+01
2.384900000000000020e+01	2.290589336994372260e+01
2.484099999999999753e+01	2.191086479081559091e+01
2.336300000000000310e+01	2.272249864743959336e+01
2.149300000000000210e+01	2.129565005921718779e+01
2.126500000000000057e+01	2.248786264687746694e+01
2.020799999999999841e+01	1.983980194224848148e+01
1.594900000000000162e+01	2.189117641133055159e+01
2.588100000000000023e+01	2.052646278924718359e+01
2.413199999999999790e+01	2.256700903870472530e+01
2.362699999999999889e+01	2.470575050723456556e+01
2.224800000000000111e+01	2.374405933791416601e+01
2.062099999999999866e+01	2.173524914814316134e+01
2.782800000000000296e+01	2.447089103476228189e+01
2.410599999999999810e+01	2.207215719788228725e+01
2.710699999999999932e+01	2.448441561297995150e+01
2.526300000000000168e+01	2.263431724327349670e+01
2.107800000000000296e+01	2.180658241138338482e+01
1.792200000000000060e+01	2.183679235266851748e+01
2.314300000000000068e+01	2.413440458508891950e+01
2.387400000000000233e+01	2.344123740373486697e+01
2.023300000000000054e+01	2.295580275934682746e+01
2.630199999999999960e+01	2.471150772599723311e+01
2.649099999999999966e+01	2.328864941311463710e+01
2.458399999999999963e+01	2.170668558697092720e+01
2.169500000000000028e+01	2.134303994321084019e+01
2.476199999999999690e+01	2.468391191096940673e+01
2.439499999999999957e+01	2.243124547338163666e+01
2.189499999999999957e+01	2.259058302509173188e+01
2.504199999999999804e+01	2.533604940905211222e+01
2.215500000000000114e+01	2.338360266929768372e+01
2.003000000000000114e+01	2.199811918548561351e+01
2.690800000000000125e+01	2.162059675604317022e+01
2.743699999999999761e+01	2.627183610171384487e+01
2.173699999999999832e+01	2.325535287991111844e+01
2.284900000000000020e+01	2.228707372678631415e+01
2.241900000000000048e+01	2.132542861839296933e+01
2.151199999999999690e+01	2.336560085220624217e+01
2.295400000000000063e+01	2.363177265978692176e+01
2.259099999999999753e+01	2.431000473161007847e+01
2.639999999999999858e+01	2.239203517139457844e+01
2.292599999999999838e+01	2.374558284741413416e+01
2.373000000000000043e+01	2.234338818311163521e+01
2.287099999999999866e+01	2.273823845858538562e+01
2.277199999999999847e+01	2.191672547180327868e+01
2.411499999999999844e+01	2.187741591654962647e+01
2.303800000000000026e+01	2.262560740742792831e+01
1.786299999999999955e+01	2.133969159991985620e+01
1.929299999999999926e+01	2.117261637135825580e+01
2.146800000000000352e+01	2.161829827021318451e+01
2.157699999999999818e+01	2.206911489435330509e+01
2.333300000000000196e+01	2.337456588079932729e+01
2.389099999999999824e+01	2.248622940279467031e+01
2.292999999999999972e+01	2.193473892662366964e+01
2.391400000000000148e+01	2.507720035348244636e+01
2.191499999999999915e+01	2.298230763336432148e+01
2.409699999999999775e+01	2.193231279872040318e+01
2.477300000000000324e+01	2.225992462418283324e+01
2.169300000000000139e+01	2.147374847518797125e+01
2.124399999999999977e+01	2.185565554108401543e+01
2.322100000000000009e+01	2.367323605019299748e+01
2.279500000000000171e+01	2.279343915393313935e+01
2.264199999999999946e+01	2.508191584645652128e+01
2.114800000000000324e+01	2.379725351226367636e+01
2.032700000000000173e+01	2.207565391063839044e+01
2.286400000000000077e+01	2.305092310852927184e+01
2.375600000000000023e+01	2.449163935117331903e+01
1.871099999999999852e+01	2.299000896188235998e+01
2.552199999999999847e+01	2.038503371918008966e+01
1.969900000000000162e+01	2.250944670753820986e+01
2.288400000000000034e+01	2.361932237720988681e+01
2.176999999999999957e+01	2.256194412169456953e+01
2.344599999999999795e+01	2.316391126511764043e+01
2.471999999999999886e+01	2.382897413505705941e+01
2.160000000000000142e+01	2.240558596881184883e+01
2.080999999999999872e+01	2.106762629877425752e+01
2.186899999999999977e+01	2.351182213642135821e+01
2.382400000000000162e+01	2.501827683911715638e+01
2.269900000000000162e+01	2.383939059835456931e+01
2.160900000000000176e+01	2.539917428266621968e+01
2.166900000000000048e+01	2.116001770885465305e+01
1.855599999999999739e+01	2.161363065229742730e+01
2.054400000000000048e+01	2.099592612230255995e+01
2.261499999999999844e+01	2.371141829547087099e+01
2.579199999999999804e+01	2.504853784265238659e+01
2.454300000000000281e+01	2.164507493483039369e+01
2.090800000000000125e+01	2.239661285420904946e+01
2.174900000000000233e+01	2.219935704417778410e+01
2.416800000000000281e+01	2.263800402785314247e+01
2.433300000000000196e+01	2.277282813259087391e+01
2.510800000000000054e+01	2.393747796841798703e+01
2.212699999999999889e+01	2.370668094955997063e+01
2.470800000000000196e+01	2.068169033143845326e+01
2.523300000000000054e+01	2.349143753591579653e+01
2.313100000000000023e+01	2.465910919815285141e+01
2.179400000000000048e+01	2.059433516096098771e+01
2.048499999999999943e+01	2.260491589705598869e+01
2.110699999999999932e+01	2.133678028176974095e+01
2.397100000000000009e+01	2.162850241535448248e+01
2.488899999999999935e+01	2.138177910051645014e+01
2.207099999999999795e+01	2.248787535118215430e+01
2.172599999999999909e+01	2.210215084494295468e+01
2.722100000000000009e+01	2.468036152029032593e+01
2.381500000000000128e+01	2.394748690016032810e+01
2.571900000000000119e+01	2.359545368822535139e+01
2.243800000000000239e+01	2.398837471141921540e+01
2.130000000000000071e+01	2.174941479917927722e+01
1.961200000000000188e+01	2.252889580538389325e+01
2.537099999999999866e+01	2.429468409129379580e+01
2.553599999999999781e+01	2.286333254303046303e+01
2.417599999999999838e+01	2.158596575776494930e+01
2.494300000000000139e+01	2.553789823877183807e+01
2.104699999999999704e+01	2.263490475279073166e+01
2.755400000000000205e+01	2.323727358965617995e+01
2.580900000000000105e+01	2.419063884638466888e+01
2.605300000000000082e+01	2.147671314357178929e+01
2.482300000000000040e+01	2.409186544872312297e+01
2.095499999999999829e+01	2.492337035086631758e+01
2.243300000000000338e+01	2.285316657845462274e+01
2.404699999999999704e+01	2.520394577904383127e+01
2.199699999999999989e+01	2.378455189326084351e+01
2.536400000000000077e+01	2.253875773030595298e+01
2.613899999999999935e+01	2.307251143948449368e+01
2.129800000000000182e+01	2.137745204945990807e+01
2.169500000000000028e+01	2.089343062899655123e+01
2.079500000000000171e+01	1.994878451423271670e+01
2.258599999999999852e+01	2.344996683288367123e+01
2.071800000000000352e+01	2.065642420142546243e+01
2.200099999999999767e+01	2.316766752210523350e+01
2.687099999999999866e+01	2.483520168002613460e+01
1.971000000000000085e+01	2.145217491582804570e+01
1.725600000000000023e+01	1.964358819853158167e+01
2.216800000000000281e+01	2.092615878281060660e+01
2.283500000000000085e+01	2.341332972502972609e+01
2.379199999999999804e+01	2.415105082483304244e+01
2.019000000000000128e+01	2.187323965526043423e+01
1.909400000000000119e+01	2.195487233799385152e+01
2.360800000000000054e+01	2.319358918759384380e+01
2.624099999999999966e+01	2.527662718833770228e+01
2.295300000000000296e+01	2.429367292726541194e+01
2.367699999999999960e+01	2.265738432553314041e+01
1.796199999999999974e+01	1.866498070709992163e+01
2.455099999999999838e+01	2.372783782521528551e+01
2.705900000000000105e+01	2.517216408136138739e+01
2.542199999999999704e+01	2.418617342303186746e+01
2.375400000000000134e+01	2.361752847750782180e+01
1.640200000000000102e+01	2.192956007025081533e+01
1.940599999999999881e+01	2.161407039952128528e+01
2.114099999999999824e+01	2.305593898339210313e+01
2.443400000000000105e+01	2.540670363700592915e+01
2.274900000000000233e+01	2.332375939711349133e+01
2.254899999999999949e+01	2.236287488471055696e+01
2.084499999999999886e+01	2.333252854662469389e+01
2.200800000000000267e+01	2.011436075470719231e+01
2.136499999999999844e+01	2.318594701447844386e+01
1.735399999999999920e+01	2.006529243161893561e+01
2.677899999999999991e+01	2.490278169166214539e+01
2.546900000000000119e+01	2.358024485441994500e+01
2.811599999999999966e+01	2.502100083980789336e+01
2.378500000000000014e+01	2.364370796133828989e+01
2.370499999999999829e+01	2.562329586490607980e+01
2.033999999999999986e+01	2.209716914439977131e+01
2.449399999999999977e+01	2.321593939109231286e+01
2.340699999999999648e+01	2.353218950894169126e+01
2.245699999999999719e+01	1.982871964035875223e+01
2.043299999999999983e+01	2.347021251470637537e+01
2.500400000000000134e+01	2.250879157541805853e+01
1.755000000000000071e+01	2.213476571930424086e+01
2.614499999999999957e+01	2.303882797371483093e+01
2.166099999999999781e+01	2.071815704617116438e+01
2.161899999999999977e+01	2.177767116831265426e+01
2.192300000000000182e+01	2.350989531956001599e+01
2.171400000000000219e+01	2.225758930559057447e+01
2.263599999999999923e+01	2.310054827409548395e+01
2.484699999999999775e+01	2.449989056255718367e+01
2.544099999999999895e+01	2.231887037545307351e+01
2.076999999999999957e+01	2.044504147147802087e+01
1.843200000000000216e+01	2.079469493875807729e+01
2.363100000000000023e+01	2.301154124692957126e+01
2.481500000000000128e+01	2.186112842300271097e+01
2.428699999999999903e+01	2.086896613327770922e+01
2.489199999999999946e+01	2.504738186008274781e+01
2.432000000000000028e+01	2.404470861677679494e+01
2.544400000000000261e+01	1.974851291176326029e+01
1.774200000000000088e+01	1.802630504997408778e+01
2.626800000000000068e+01	2.495161672061202651e+01
2.595400000000000063e+01	2.231351776853218283e+01
2.462099999999999866e+01	2.383745331417202351e+01
2.839600000000000080e+01	2.427833537770578687e+01
2.105000000000000071e+01	2.249004369305854567e+01
1.914700000000000202e+01	2.091865475183578127e+01
2.036899999999999977e+01	2.418356510510802693e+01
1.989000000000000057e+01	2.057861726768778254e+01
2.906500000000000128e+01	2.577037581363965302e+01
2.274800000000000111e+01	2.329901698578371239e+01
1.743700000000000117e+01	2.202621130404299876e+01
2.100300000000000011e+01	2.330786103104399132e+01
1.813599999999999923e+01	2.249144075272504040e+01
2.278400000000000247e+01	2.171397577314166583e+01
2.576699999999999946e+01	2.151928887682792535e+01
2.165199999999999747e+01	2.251599574884420107e+01
2.264999999999999858e+01	2.416162976022221187e+01
1.948700000000000188e+01	1.991186078692241779e+01
2.504400000000000048e+01	2.465002105866840409e+01
2.362999999999999901e+01	2.534241944820513126e+01
1.909900000000000020e+01	2.403998457247718790e+01
2.361599999999999966e+01	2.332449845798619847e+01
2.100099999999999767e+01	2.080681221253506763e+01
2.209400000000000119e+01	2.528848094315850048e+01
2.585199999999999676e+01	2.382362444914486233e+01
2.104400000000000048e+01	2.342956250434551890e+01
2.270800000000000196e+01	2.246896104353294632e+01
2.531900000000000261e+01	2.282555077747491978e+01
2.184800000000000253e+01	2.107843799642903804e+01
1.912300000000000111e+01	2.451142596527558837e+01
1.899900000000000233e+01	2.475263047664992300e+01
2.566000000000000014e+01	2.382060422169666580e+01
1.708399999999999963e+01	2.413133605562065043e+01
2.471300000000000097e+01	2.184899681888301259e+01
1.778200000000000003e+01	2.237097101934105936e+01
2.024699999999999989e+01	2.025793950582814773e+01
2.335500000000000043e+01	2.374050564936617747e+01
2.703900000000000148e+01	2.481189087168555574e+01
2.312699999999999889e+01	2.192766650574633758e+01
2.412400000000000233e+01	2.420052306526267571e+01
1.995100000000000051e+01	2.197227659504373776e+01
2.237500000000000000e+01	2.221128059403577737e+01
2.000600000000000023e+01	2.197931834710171728e+01
2.292300000000000182e+01	2.219362405572958252e+01
2.663100000000000023e+01	2.369865900685095284e+01
2.041799999999999926e+01	2.141760910606149793e+01
2.074500000000000099e+01	2.061123175299564636e+01
2.213500000000000156e+01	2.237885982288003461e+01
2.237699999999999889e+01	2.302706003555406866e+01
2.555199999999999960e+01	2.220570604675290127e+01
2.013799999999999812e+01	2.382799624421136286e+01
2.134199999999999875e+01	2.243692374392177769e+01
2.362400000000000233e+01	2.140571858453136400e+01
1.864900000000000091e+01	2.240775017313739781e+01
2.442199999999999704e+01	2.235677761368963701e+01
2.342999999999999972e+01	2.320243413299514756e+01
2.360199999999999676e+01	2.438244512138755837e+01
2.550600000000000023e+01	2.508164388746580542e+01
2.193599999999999994e+01	2.192925366229715678e+01
1.546499999999999986e+01	2.248922098501332556e+01
2.407300000000000040e+01	2.079028099673246643e+01
2.173800000000000310e+01	2.417011227687835628e+01
2.220699999999999719e+01	2.210960931074984970e+01
1.948300000000000054e+01	2.172842324864164354e+01
2.072400000000000020e+01	2.241139547593689585e+01
1.796099999999999852e+01	2.335222296855031132e+01
2.567500000000000071e+01	2.586401687453841447e+01
2.236199999999999832e+01	2.084114903571670752e+01
1.923499999999999943e+01	2.209054883125799051e+01
2.276699999999999946e+01	2.416537680806092681e+01
2.402400000000000091e+01	2.418891292732162768e+01
2.395300000000000296e+01	2.239005779107810312e+01
2.417699999999999960e+01	2.249382288499354843e+01
2.464300000000000068e+01	2.187884433091349834e+01
2.578000000000000114e+01	2.350048128263469138e+01
1.797599999999999909e+01	2.017555765669446544e+01
1.430900000000000105e+01	1.997898143236266222e+01
2.384699999999999775e+01	2.364163231738092463e+01
1.904500000000000171e+01	2.108994185778738384e+01
1.763700000000000045e+01	2.174384834813470491e+01
2.183900000000000219e+01	2.098953719955730435e+01
2.310099999999999909e+01	2.335151843464779731e+01
2.125199999999999889e+01	2.230318370091609381e+01
2.745300000000000296e+01	2.483001286444179101e+01
2.056099999999999994e+01	2.057275490026818332e+01
1.997400000000000020e+01	2.146489033877204022e+01
2.207699999999999818e+01	2.369671236511038970e+01
2.407499999999999929e+01	2.459904418086679456e+01
2.507499999999999929e+01	2.586586939006447139e+01
2.596999999999999886e+01	2.315314964078107707e+01
2.144199999999999662e+01	2.317751643177042808e+01
1.995700000000000074e+01	2.133735383259197960e+01
2.146400000000000219e+01	2.203560786901951118e+01
2.386899999999999977e+01	2.233983146386612617e+01
2.425000000000000000e+01	2.317840535610336516e+01
2.025700000000000145e+01	2.121444781950793512e+01
1.774699999999999989e+01	2.135576631679111159e+01
2.351599999999999824e+01	2.341547230165939197e+01
2.521099999999999852e+01	2.293553647918159299e+01
2.625699999999999790e+01	2.304217662274903589e+01
2.505000000000000071e+01	2.567372778217055540e+01
2.305300000000000082e+01	2.387736158055588831e+01
2.388400000000000034e+01	2.439539690842095254e+01
2.289999999999999858e+01	2.156584016985107510e+01
2.540500000000000114e+01	2.564556595813997575e+01
2.370199999999999818e+01	2.301888813173606607e+01
2.335800000000000054e+01	2.314343475344130496e+01
2.219199999999999662e+01	2.296172944279308226e+01
2.589199999999999946e+01	2.482634908019690911e+01
2.341199999999999903e+01	2.277231233873082061e+01
2.401000000000000156e+01	2.452879218599211697e+01
2.746000000000000085e+01	2.571011946647956492e+01
2.238500000000000156e+01	2.146946412752918576e+01
2.320899999999999963e+01	2.477328933486587914e+01
2.207199999999999918e+01	2.414292234464155840e+01
2.224900000000000233e+01	2.222393501746495303e+01
1.958900000000000219e+01	2.250474889423087177e+01
2.516499999999999915e+01	2.227389144771694163e+01
2.477699999999999747e+01	2.301468201808207326e+01
2.021999999999999886e+01	2.176497757960680346e+01
1.887599999999999767e+01	2.377708786655784579e+01
2.167699999999999960e+01	2.289502353102649934e+01
2.226999999999999957e+01	2.088352477080766434e+01
1.942399999999999949e+01	1.969577290532811986e+01
2.594000000000000128e+01	2.361797656016292990e+01
2.455000000000000071e+01	2.321120663396921202e+01
2.130800000000000338e+01	2.120728862604196152e+01
2.323699999999999832e+01	2.347869173705176848e+01
2.236899999999999977e+01	2.447212599595367521e+01
2.353300000000000125e+01	2.348561978171297682e+01
2.119500000000000028e+01	2.396423547231968953e+01
2.132499999999999929e+01	2.204794449446779225e+01
1.788500000000000156e+01	1.996828082408268301e+01
2.210599999999999810e+01	2.403199748072497854e+01
2.343300000000000338e+01	2.163496170020125930e+01
2.379199999999999804e+01	2.398347014392441423e+01
1.580799999999999983e+01	1.973002811197565620e+01
2.148000000000000043e+01	2.355234470018077531e+01
1.970499999999999829e+01	2.311273511870699338e+01
2.127499999999999858e+01	2.051431518545170718e+01
2.549800000000000111e+01	2.373337312153238443e+01
2.448400000000000176e+01	2.444699011898272900e+01
2.845599999999999952e+01	2.293849907192531035e+01
2.172800000000000153e+01	2.302642287211085304e+01
2.489499999999999957e+01	2.328964637186159337e+01
2.335900000000000176e+01	2.339749888904064790e+01
2.153999999999999915e+01	2.131018525049809398e+01
2.265199999999999747e+01	1.999198468533231221e+01
2.019299999999999784e+01	2.347408181011639527e+01
1.920200000000000173e+01	2.229042811543487446e+01
1.792800000000000082e+01	2.062948946926023197e+01
2.235699999999999932e+01	2.226502228285491825e+01
2.539300000000000068e+01	2.155960447475688113e+01
2.118499999999999872e+01	2.178563169103463082e+01
2.509699999999999775e+01	2.338401552588716470e+01
2.149399999999999977e+01	2.117345632687077739e+01
2.262400000000000233e+01	2.331983205660840852e+01
2.858699999999999974e+01	2.470025737572063917e+01
2.099099999999999966e+01	2.274145958063172657e+01
2.624500000000000099e+01	2.388882328605161121e+01
2.457400000000000162e+01	2.369049273281142831e+01
2.180099999999999838e+01	2.112904568401325633e+01
2.115099999999999980e+01	2.138230210679363807e+01
2.458699999999999974e+01	2.411129669394419750e+01
2.438400000000000034e+01	2.200481977258168698e+01
2.275099999999999767e+01	2.210404720454260641e+01
2.415199999999999747e+01	2.331836200172250173e+01
1.937000000000000099e+01	2.254337899652284349e+01
2.246599999999999753e+01	2.272026679631100876e+01
2.613300000000000267e+01	2.367639454779522978e+01
2.537599999999999767e+01	2.199384166471820734e+01
2.315399999999999991e+01	2.335317735469089584e+01
1.989300000000000068e+01	2.241025368186848254e+01
1.917699999999999960e+01	2.180988759037137470e+01
2.433099999999999952e+01	2.421468294303308966e+01
2.230400000000000205e+01	2.254231308601176664e+01
2.157300000000000040e+01	2.324424052639014349e+01
2.110699999999999932e+01	2.186580109359154989e+01
2.063300000000000267e+01	2.321070254731352733e+01
1.544599999999999973e+01	2.118350266291489348e+01
2.357600000000000051e+01	2.319795009795621255e+01
2.235800000000000054e+01	2.331086591797859953e+01
1.795200000000000173e+01	2.048062716577542730e+01
2.687900000000000134e+01	2.233406332739290079e+01
2.442500000000000071e+01	2.246488820669107866e+01
2.330800000000000338e+01	2.293082110602241741e+01
2.089000000000000057e+01	2.251426512538494151e+01
2.400900000000000034e+01	2.285810631343149169e+01
2.204199999999999804e+01	2.418482246122396262e+01
2.014499999999999957e+01	2.167769011894455744e+01
2.311699999999999733e+01	2.125698052296904450e+01
2.848600000000000065e+01	2.461111904928425531e+01
1.912000000000000099e+01	2.158862040087894485e+01
2.239000000000000057e+01	2.511961342358370786e+01
2.116699999999999804e+01	2.284253880752231325e+01
1.917500000000000071e+01	2.129861505091120577e+01
1.958900000000000219e+01	2.372773565289889675e+01
2.213899999999999935e+01	1.975918828402082994e+01
1.976399999999999935e+01	2.265435224765808542e+01
2.908999999999999986e+01	2.593136678780365401e+01
1.835099999999999909e+01	2.260826705097001366e+01
2.201500000000000057e+01	2.348194223337272035e+01
1.461800000000000033e+01	2.107091993861642010e+01
2.065300000000000225e+01	2.329361526473682531e+01
1.964499999999999957e+01	2.031902197361327467e+01
1.855799999999999983e+01	2.167034815713675400e+01
2.220499999999999829e+01	2.071635651520300314e+01
2.486899999999999977e+01	2.346076856963845714e+01
2.170599999999999952e+01	2.212177045608031634e+01
2.175000000000000000e+01	2.242380533939800813e+01
2.452300000000000324e+01	2.265441096574096846e+01
2.059099999999999753e+01	2.135437006246034741e+01
2.158599999999999852e+01	2.233339093471854753e+01
2.456800000000000139e+01	2.371958734326436868e+01
2.545400000000000063e+01	2.312503176249393277e+01
2.307000000000000028e+01	2.401681564894436249e+01
2.450099999999999767e+01	2.397336579325861905e+01
2.371499999999999986e+01	2.621313815578220385e+01
1.914999999999999858e+01	2.189455203752724799e+01
2.397100000000000009e+01	2.493043808745277801e+01
2.042900000000000205e+01	2.310796222948387069e+01
2.110900000000000176e+01	2.319970768379874926e+01
1.993799999999999883e+01	2.348834422731222560e+01
2.190099999999999980e+01	2.282073163814544614e+01
2.349500000000000099e+01	2.140160529401655509e+01
2.216499999999999915e+01	2.136843187228108576e+01
2.015200000000000102e+01	2.113322919862259042e+01
2.066800000000000281e+01	2.366390120489706206e+01
2.093199999999999861e+01	2.197780970417994340e+01
1.798400000000000176e+01	2.168925571627691085e+01
2.357499999999999929e+01	2.316563488595184239e+01
2.615500000000000114e+01	2.412602484173151041e+01
2.014400000000000190e+01	2.143099373120821127e+01
2.274500000000000099e+01	2.300663009676545201e+01
2.312999999999999901e+01	2.162646550607858487e+01
2.657400000000000162e+01	2.514142866902597717e+01
2.094699999999999918e+01	2.270358344733208256e+01
2.260099999999999909e+01	2.154105788642747754e+01
2.333999999999999986e+01	2.452648790859014838e+01
2.116600000000000037e+01	2.129411849782988853e+01
2.164199999999999946e+01	2.183421671946695852e+01
2.089099999999999824e+01	2.255392138828993254e+01
2.086100000000000065e+01	2.323526882272827621e+01
2.308500000000000085e+01	2.247734800443238257e+01
2.634300000000000352e+01	2.301941010056493297e+01
2.327800000000000225e+01	2.352387005774512119e+01
2.031299999999999883e+01	2.170031705098931596e+01
2.268800000000000239e+01	2.363993085628242952e+01
2.294599999999999795e+01	2.463045848660678061e+01
2.079599999999999937e+01	2.224967839701691474e+01
2.479699999999999704e+01	2.503393583647734033e+01
1.632199999999999918e+01	2.142101928368412089e+01
2.411800000000000210e+01	2.301963323774995374e+01
2.286899999999999977e+01	2.567397216832300089e+01
2.332600000000000051e+01	2.492955179579483627e+01
1.984600000000000009e+01	2.189912102511318182e+01
2.433399999999999963e+01	2.334560983540981383e+01
2.182800000000000296e+01	2.272881251074221964e+01
2.662300000000000111e+01	2.533444237914320496e+01
2.023400000000000176e+01	2.088989852627609523e+01
2.301000000000000156e+01	2.167691305236278154e+01
2.122899999999999920e+01	2.101462005788375365e+01
2.383900000000000219e+01	2.396473890092892134e+01
2.525699999999999790e+01	2.425490034962473374e+01
2.727199999999999847e+01	2.535554624160181092e+01
2.230599999999999739e+01	2.214029390715112910e+01
2.091699999999999804e+01	2.068902103658357916e+01
2.191099999999999781e+01	2.580444761131564846e+01
2.694500000000000028e+01	2.412794303629801362e+01
2.121099999999999852e+01	2.162081037217773627e+01
2.390199999999999747e+01	2.421473756473475802e+01
2.049500000000000099e+01	2.165351768541070498e+01
1.856200000000000117e+01	2.290911361184794970e+01
2.011499999999999844e+01	2.384391890124752322e+01
2.569000000000000128e+01	2.496136747358500685e+01
2.249500000000000099e+01	2.389942260985717937e+01
2.246099999999999852e+01	2.425548387654605520e+01
1.469700000000000095e+01	2.159630249787995382e+01
1.929100000000000037e+01	2.341342999152966797e+01
1.946799999999999997e+01	2.177780376317460309e+01
2.143599999999999994e+01	2.151741293592694149e+01
2.226300000000000168e+01	2.170405866317081944e+01
2.254800000000000182e+01	2.229073156369753761e+01
2.437000000000000099e+01	2.595931957364226506e+01
2.468699999999999761e+01	2.251448065757115913e+01
2.361199999999999832e+01	2.315751594134468405e+01
2.351399999999999935e+01	2.474548124648494252e+01
2.275000000000000000e+01	2.329614683365231187e+01
2.771000000000000085e+01	2.367102593595411975e+01
2.176300000000000168e+01	2.283042729565627837e+01
2.103300000000000125e+01	1.974001605839550422e+01
1.877799999999999869e+01	2.131749298494595735e+01
2.144800000000000040e+01	2.238937558896277835e+01
2.195599999999999952e+01	2.159764654295035768e+01
2.391099999999999781e+01	2.286437397380841574e+01
2.230499999999999972e+01	2.379599546277490063e+01
2.685199999999999676e+01	2.293034268079113858e+01
2.196900000000000119e+01	2.186432827117610245e+01
2.612199999999999989e+01	2.286379637953901067e+01
2.241900000000000048e+01	2.196399267398042099e+01
2.502899999999999991e+01	2.277920633267931194e+01
1.752299999999999969e+01	2.410841708969819663e+01
2.157800000000000296e+01	2.258970131482420030e+01
2.655800000000000338e+01	2.306892192857441515e+01
2.655000000000000071e+01	2.503938302698499641e+01
2.115199999999999747e+01	2.229621530668706697e+01
1.948700000000000188e+01	2.175705333095028493e+01
2.297899999999999920e+01	2.351178505194491208e+01
2.233300000000000196e+01	2.189839789700225836e+01
2.397100000000000009e+01	2.355552220294864441e+01
2.292599999999999838e+01	2.297080078481887355e+01
2.295899999999999963e+01	2.478055869174762904e+01
1.877299999999999969e+01	2.298508515144647291e+01
2.446599999999999753e+01	2.717373887330791504e+01
2.480400000000000205e+01	2.211860706170689994e+01
2.184900000000000020e+01	2.162036612422607718e+01
1.711400000000000077e+01	2.102706191817012638e+01
2.607099999999999795e+01	2.390242804739639837e+01
2.555800000000000338e+01	2.506527878769187367e+01
2.202499999999999858e+01	2.436420907369867805e+01
1.891000000000000014e+01	2.242090434203034022e+01
1.870200000000000173e+01	2.222181407521918928e+01
2.187400000000000233e+01	2.127095536010723364e+01
2.427899999999999991e+01	2.258029678056727363e+01
2.478000000000000114e+01	2.346725445323025738e+01
2.559699999999999775e+01	2.309307712892648112e+01
2.413699999999999690e+01	2.084262290595692591e+01
2.409800000000000253e+01	2.324261017188209166e+01
1.962199999999999989e+01	2.158691126145501471e+01
2.177300000000000324e+01	1.984267114452627467e+01
2.143800000000000239e+01	2.284025589665246159e+01
2.176000000000000156e+01	2.144235615433290221e+01
1.971599999999999753e+01	2.113613087407305713e+01
2.290800000000000125e+01	1.988600786004942833e+01
2.138500000000000156e+01	2.310248662200633873e+01
2.605999999999999872e+01	2.487268846783047138e+01
1.556400000000000006e+01	2.051570436809646836e+01
2.465900000000000247e+01	2.378800566677021422e+01
2.121599999999999753e+01	2.186036218739608827e+01
2.833399999999999963e+01	2.530346811691555331e+01
1.778699999999999903e+01	2.184971029193177472e+01
2.012099999999999866e+01	2.206474153647496550e+01
1.765099999999999980e+01	2.078379445186119412e+01
2.254300000000000281e+01	2.144265414965061112e+01
2.262900000000000134e+01	2.172971253376938350e+01
2.309499999999999886e+01	2.294928907852589361e+01
2.790800000000000125e+01	2.573085326582912913e+01
2.343900000000000006e+01	2.158976872150926596e+01
2.504699999999999704e+01	2.392063859541035953e+01
2.370199999999999818e+01	2.236143010155486266e+01
1.874800000000000111e+01	2.046768858422262483e+01
2.059199999999999875e+01	2.256646606663658261e+01
2.947100000000000009e+01	2.468126251098942703e+01
2.165699999999999648e+01	2.406015981380426183e+01
1.960299999999999798e+01	2.259342525153107673e+01
2.336100000000000065e+01	2.410319301730505970e+01
2.396099999999999852e+01	2.253356428782484855e+01
2.130199999999999960e+01	2.299750515186467581e+01
2.538100000000000023e+01	2.429742541763890173e+01
2.114999999999999858e+01	2.144524166726679937e+01
2.195800000000000196e+01	1.995743011330511152e+01
2.317999999999999972e+01	2.143674013520056576e+01
2.572500000000000142e+01	2.217107125273264501e+01
2.330699999999999861e+01	2.423216198339117611e+01
1.939499999999999957e+01	2.157612793670220697e+01
2.512999999999999901e+01	2.482704841535487006e+01
2.163400000000000034e+01	2.350610542961145910e+01
2.458900000000000219e+01	2.383540542947814700e+01
2.444300000000000139e+01	2.440908624824275464e+01
2.392399999999999949e+01	2.245478634619107439e+01
2.387000000000000099e+01	2.141589587070155787e+01
2.110000000000000142e+01	2.072180798740711438e+01
2.139499999999999957e+01	2.325618747670200293e+01
2.130499999999999972e+01	2.163756927094192051e+01
2.182600000000000051e+01	2.295318046554185543e+01
1.855499999999999972e+01	2.003872852356233025e+01
2.126999999999999957e+01	2.284373521733053636e+01
2.339099999999999824e+01	2.256817707366651860e+01
2.472899999999999920e+01	2.482163526293865274e+01
2.591600000000000037e+01	2.461871463874274824e+01
2.256599999999999895e+01	2.161206990807664852e+01
1.933999999999999986e+01	2.147308129522320286e+01
2.325699999999999790e+01	2.157382540415376226e+01
2.139199999999999946e+01	2.518423369763340247e+01
1.777200000000000202e+01	2.159442780468286927e+01
2.447300000000000253e+01	2.412976770420547723e+01
2.117999999999999972e+01	2.108575497970004520e+01
2.428199999999999648e+01	2.409103445613209615e+01
2.126800000000000068e+01	2.193001642233233284e+01
2.410999999999999943e+01	2.251064057748514102e+01
2.602599999999999980e+01	2.372110151063494499e+01
2.553900000000000148e+01	2.140717825501461391e+01
2.869699999999999918e+01	2.540647984773111645e+01
2.128199999999999648e+01	2.196563243601737980e+01
2.178400000000000247e+01	2.221843101702809520e+01
2.102699999999999747e+01	2.382742760118942726e+01
2.569999999999999929e+01	2.411420556888427313e+01
2.402699999999999747e+01	2.387327957412878732e+01
2.438400000000000034e+01	2.461589422055438803e+01
2.197199999999999775e+01	2.295111350618751800e+01
1.862400000000000233e+01	2.140213462970201164e+01
2.349199999999999733e+01	2.490651209106828645e+01
2.066300000000000026e+01	2.290954717364482462e+01
2.124800000000000111e+01	2.170195468350806323e+01
1.923099999999999810e+01	2.207056261674032172e+01
2.435900000000000176e+01	2.299485659856351205e+01
2.321999999999999886e+01	2.451674137807096443e+01
2.450499999999999901e+01	2.291061439912403230e+01
2.083999999999999986e+01	2.247106849311807508e+01
2.175300000000000011e+01	2.467016754973476722e+01
2.036200000000000188e+01	2.167339733222328135e+01
2.329199999999999804e+01	2.313149961041772329e+01
2.307900000000000063e+01	2.410629137526969501e+01
2.060399999999999920e+01	2.077050860985199066e+01
2.258099999999999952e+01	2.355655945657677108e+01
2.786300000000000310e+01	2.327662368017657002e+01
2.429500000000000171e+01	2.387029288952634332e+01
3.012900000000000134e+01	2.560342524990547730e+01
2.547199999999999775e+01	2.496956219348947315e+01
2.511699999999999733e+01	2.429025716053223505e+01
1.751800000000000068e+01	1.986092660016560885e+01
2.383699999999999974e+01	2.084165211538072882e+01
2.138500000000000156e+01	2.163128573116077291e+01
2.471000000000000085e+01	2.393568253978959959e+01
2.536199999999999832e+01	2.547628107273508036e+01
2.311100000000000065e+01	2.275835195285627321e+01
1.803000000000000114e+01	2.243995246094500828e+01
1.809199999999999875e+01	2.112602552478570672e+01
2.236800000000000210e+01	2.228439013691555814e+01
2.263100000000000023e+01	2.243087060131781740e+01
2.574900000000000233e+01	2.112258800590941377e+01
2.177899999999999991e+01	2.305368468467712262e+01
2.208699999999999974e+01	2.030896471949004223e+01
2.360800000000000054e+01	2.209160812262744855e+01
2.177199999999999847e+01	2.130224717044616511e+01
1.932900000000000063e+01	2.271394207466557802e+01
2.498900000000000077e+01	2.400647315822105554e+01
2.274800000000000111e+01	1.996838826153526725e+01
2.360599999999999810e+01	2.113312823233580673e+01
1.862800000000000011e+01	2.102471781342588741e+01
2.401599999999999824e+01	2.386496051968256538e+01
1.573299999999999876e+01	2.118751393400575722e+01
2.013400000000000034e+01	2.359096971999384351e+01
2.223199999999999932e+01	2.034695551369581068e+01
2.478900000000000148e+01	2.066242962687750406e+01
2.305199999999999960e+01	2.375611865876712869e+01
2.413899999999999935e+01	2.386310261689781953e+01
2.509400000000000119e+01	2.266545643263854970e+01
1.740399999999999991e+01	2.045894096623574399e+01
2.121400000000000219e+01	2.313466407450107454e+01
2.475499999999999901e+01	2.655850465990496900e+01
2.550800000000000267e+01	2.451338127772560682e+01
2.278300000000000125e+01	2.444131171495074639e+01
2.369800000000000040e+01	2.284921451981726293e+01
2.534600000000000009e+01	2.074505263055924331e+01
2.290900000000000247e+01	2.344751753700651520e+01
2.338400000000000034e+01	2.288514450033436987e+01
1.433699999999999974e+01	2.075661732688422489e+01
2.510599999999999810e+01	2.488008747189043035e+01
2.222199999999999775e+01	2.274549271904767167e+01
2.544199999999999662e+01	2.377350019538614490e+01
2.239400000000000190e+01	2.097163890303844980e+01
2.050000000000000000e+01	2.216171819189222703e+01
2.468400000000000105e+01	2.363747252906872731e+01
2.190800000000000125e+01	2.366553132137844884e+01
2.142000000000000171e+01	2.208078649426147422e+01
2.121999999999999886e+01	2.101207542288285524e+01
1.894900000000000162e+01	2.344677893608624686e+01
2.385999999999999943e+01	2.271029476849234641e+01
2.174900000000000233e+01	2.278398436783793812e+01
2.251800000000000068e+01	2.441395268092108495e+01
2.242300000000000182e+01	2.087947216010714868e+01
2.338599999999999923e+01	2.162548034918108542e+01
2.108900000000000219e+01	2.227911896910945089e+01
2.536100000000000065e+01	2.578536772306726021e+01
2.099199999999999733e+01	2.071932974423253881e+01
2.318699999999999761e+01	2.356546824889506908e+01
1.899800000000000111e+01	2.068652245058637362e+01
2.385999999999999943e+01	2.463149925728069434e+01
1.938799999999999812e+01	2.213500218597552660e+01
2.673099999999999810e+01	2.187440450286308646e+01
2.055300000000000082e+01	2.226883225362310270e+01
2.052400000000000091e+01	2.052910125345253789e+01
1.826000000000000156e+01	2.067684248304018624e+01
2.193800000000000239e+01	2.112018424493979296e+01
2.772599999999999909e+01	2.292642257278202678e+01
2.101599999999999824e+01	2.261471807467312445e+01
2.035200000000000031e+01	2.444664496026350520e+01
2.527400000000000091e+01	2.305793899011521475e+01
2.415199999999999747e+01	2.473032019848531604e+01
2.071400000000000219e+01	2.318564969679417942e+01
2.056699999999999662e+01	2.126599919409955675e+01
2.516099999999999781e+01	2.362509941838720806e+01
2.471900000000000119e+01	2.138332902321596762e+01
2.611400000000000077e+01	2.471786252302808151e+01
2.562599999999999767e+01	2.443925859596043892e+01
2.213800000000000168e+01	2.286743764200474871e+01
2.639400000000000190e+01	2.358616219126531988e+01
2.563500000000000156e+01	2.419384086109334220e+01
1.995400000000000063e+01	1.963547829209290185e+01
2.046499999999999986e+01	2.209921420705567741e+01
2.662599999999999767e+01	2.240645040392465859e+01
2.412599999999999767e+01	2.268470951077278741e+01
2.273000000000000043e+01	2.295474454451442980e+01
2.494400000000000261e+01	2.123314164334983545e+01
2.479199999999999804e+01	2.408702951289503957e+01
2.620699999999999719e+01	2.464827626514323100e+01
2.589699999999999847e+01	2.558542740024144990e+01
2.294000000000000128e+01	1.997148657645607628e+01
2.463699999999999690e+01	2.410964623120839789e+01
2.008299999999999841e+01	2.014905136171259414e+01
2.442300000000000182e+01	2.240335944437842741e+01
2.221099999999999852e+01	2.076317769594400886e+01
1.980400000000000205e+01	2.144578920351565188e+01
2.194099999999999895e+01	2.130049745035649522e+01
2.541000000000000014e+01	2.407683843196834417e+01
2.421300000000000097e+01	2.400970443892535400e+01
2.376900000000000190e+01	2.216636378443841693e+01
2.324900000000000233e+01	2.178003837135064558e+01
2.224399999999999977e+01	2.321195964028813208e+01
2.360199999999999676e+01	2.283426947037429144e+01
2.556500000000000128e+01	2.360260650421415463e+01
2.602300000000000324e+01	2.398508167688209269e+01
2.143800000000000239e+01	2.159110841815349957e+01
2.447300000000000253e+01	2.225845781861134398e+01
2.379199999999999804e+01	2.375383308201766397e+01
2.577899999999999991e+01	2.400067520649231767e+01
2.150400000000000134e+01	2.386689272485100588e+01
2.599599999999999866e+01	2.489415941330650384e+01
2.365300000000000225e+01	2.207723930363002651e+01
2.024599999999999866e+01	2.247281861938039782e+01
2.305400000000000205e+01	2.143460347612269246e+01
2.094000000000000128e+01	2.212028663441054377e+01
2.633300000000000196e+01	2.395564758010928585e+01
2.039600000000000080e+01	2.166640036074338838e+01
2.258399999999999963e+01	2.362133822014973461e+01
2.498600000000000065e+01	2.346166490891791767e+01
2.301399999999999935e+01	2.368381610149895877e+01
2.227699999999999747e+01	2.169539047654311759e+01
2.308099999999999952e+01	2.177756250485866829e+01
2.423099999999999810e+01	2.508557441254209408e+01
2.522199999999999775e+01	2.387546374362684887e+01
2.472699999999999676e+01	1.953641627667782288e+01
2.117699999999999960e+01	2.026707071358658396e+01
2.215599999999999881e+01	2.311021618726153548e+01
2.453400000000000247e+01	2.141371479400920208e+01
2.086400000000000077e+01	2.325478082784815825e+01
2.171099999999999852e+01	2.171316650372458668e+01
2.123400000000000176e+01	2.116143945845627172e+01
2.326000000000000156e+01	2.029142308442951403e+01
2.365300000000000225e+01	2.248471211617125221e+01
2.316099999999999781e+01	2.295432735561676907e+01
2.266800000000000281e+01	2.153630780848385484e+01
2.177899999999999991e+01	2.503430314230528708e+01
1.876900000000000190e+01	2.081014274969746225e+01
2.183099999999999952e+01	2.288687568711026188e+01
2.566000000000000014e+01	2.395910020337965207e+01
2.248000000000000043e+01	2.357393450548443070e+01
2.168499999999999872e+01	2.068609242792671310e+01
2.199399999999999977e+01	2.403540395601996238e+01
2.396300000000000097e+01	2.121445106713811768e+01
2.062000000000000099e+01	2.201649148811950596e+01
2.117000000000000171e+01	2.302335802513715279e+01
2.082999999999999829e+01	2.237247434875676433e+01
2.209900000000000020e+01	2.328743947068286957e+01
2.406800000000000139e+01	2.141129589343423589e+01
2.438599999999999923e+01	2.630751518837228886e+01
1.766799999999999926e+01	1.885939079010081798e+01
2.461599999999999966e+01	2.483613210542657868e+01
2.546099999999999852e+01	2.403464775465965531e+01
2.217500000000000071e+01	2.143482115612542316e+01
2.640900000000000247e+01	2.413884473582788104e+01
2.306800000000000139e+01	2.275204602515431063e+01
2.309800000000000253e+01	2.393099596187373024e+01
1.907000000000000028e+01	2.128034921939729784e+01
1.931500000000000128e+01	2.344742181817846571e+01
1.801200000000000045e+01	2.039910628338498455e+01
1.972299999999999898e+01	2.274602888542790780e+01
1.845100000000000051e+01	2.234875091746550879e+01
2.372599999999999909e+01	2.386872459461253015e+01
2.080900000000000105e+01	2.228927642271631626e+01
2.142399999999999949e+01	2.158762637966862741e+01
2.521300000000000097e+01	2.310090556970157394e+01
2.207300000000000040e+01	2.522455628286206064e+01
2.572300000000000253e+01	2.317725830739864534e+01
2.406300000000000239e+01	2.479975859460743948e+01
2.168800000000000239e+01	2.038062310442712288e+01
2.337000000000000099e+01	2.280535096225452918e+01
2.201000000000000156e+01	2.294565235110924917e+01
2.446900000000000119e+01	2.153184917714688495e+01
2.268400000000000105e+01	2.245758498692836724e+01
2.499300000000000210e+01	2.375853765622955649e+01
2.091400000000000148e+01	2.173698106351189097e+01
1.920599999999999952e+01	2.160268754955593096e+01
2.102499999999999858e+01	2.129378443242707064e+01
2.566499999999999915e+01	2.271729160117235224e+01
1.989300000000000068e+01	2.181649185105354860e+01
2.549800000000000111e+01	2.228218245336661596e+01
1.924500000000000099e+01	2.199025390370445265e+01
2.771699999999999875e+01	2.357811295758057213e+01
1.973999999999999844e+01	2.447900802455992419e+01
2.371699999999999875e+01	2.182846883849143182e+01
2.207600000000000051e+01	2.223643652560631523e+01
2.694199999999999662e+01	2.341001454354929479e+01
2.199500000000000099e+01	2.427947669889188376e+01
2.075800000000000267e+01	2.198080184806248738e+01
2.333800000000000097e+01	2.380223384090363581e+01
2.028200000000000003e+01	2.319711142874261611e+01
2.148099999999999810e+01	2.282950726947282050e+01
2.153199999999999648e+01	2.109610534663345405e+01
2.018299999999999983e+01	2.193896034832116371e+01
2.412800000000000011e+01	2.289413442228433837e+01
2.772699999999999676e+01	2.528928810594955578e+01
2.531699999999999662e+01	2.418633872957513731e+01
2.176099999999999923e+01	2.338853488159673688e+01
2.483699999999999974e+01	2.050986658257888706e+01
2.067099999999999937e+01	2.472083139818324682e+01
2.072599999999999909e+01	2.206395006388011026e+01
2.494599999999999795e+01	2.519803949673328347e+01
2.243199999999999861e+01	2.163134447334839194e+01
2.322500000000000142e+01	2.289411280189025177e+01
2.467599999999999838e+01	2.053952799438603449e+01
2.496699999999999875e+01	2.288735031015253085e+01
2.424599999999999866e+01	2.279441393760098578e+01
2.427199999999999847e+01	2.272009257235132651e+01
2.555800000000000338e+01	2.350248968703166597e+01
2.087300000000000111e+01	2.130446027605451320e+01
2.311599999999999966e+01	2.296294785340632671e+01
2.482300000000000040e+01	2.521321618400610731e+01
2.220599999999999952e+01	2.365546032837193380e+01
2.492699999999999960e+01	2.310463864484045260e+01
2.249599999999999866e+01	2.106855022311551906e+01
2.271099999999999852e+01	2.209128388975429047e+01
2.115099999999999980e+01	2.169545945544617993e+01
2.275800000000000267e+01	2.156039226642259266e+01
2.194500000000000028e+01	2.010229161558404343e+01
1.822100000000000009e+01	2.310213903643408528e+01
