2.394699999999999918e+01	2.433556366206450861e+01
2.561100000000000065e+01	2.638355107587448956e+01
2.159400000000000119e+01	2.298879828933189273e+01
2.354500000000000171e+01	2.402716602535780410e+01
2.144699999999999918e+01	2.146797140266554393e+01
2.318599999999999994e+01	2.403386832883235869e+01
2.458199999999999719e+01	2.327233319204939122e+01
2.782900000000000063e+01	2.585082688889181668e+01
2.363199999999999790e+01	2.184249765975101809e+01
1.922599999999999909e+01	2.066701336853443749e+01
2.548900000000000077e+01	2.343829582135425937e+01
2.361199999999999832e+01	2.351815376235797572e+01
2.204699999999999704e+01	2.477050414872874740e+01
2.641499999999999915e+01	2.338250034373027475e+01
2.084600000000000009e+01	2.299754481499410019e+01
2.082600000000000051e+01	1.977978448747670370e+01
2.631500000000000128e+01	2.320968622523811220e+01
2.796599999999999753e+01	2.726354547363658298e+01
2.055699999999999861e+01	2.441713818651651735e+01
2.268499999999999872e+01	2.297811885145578259e+01
1.858500000000000085e+01	2.156144379327664851e+01
2.325199999999999889e+01	2.143674054646342952e+01
2.838599999999999923e+01	2.679376968500661604e+01
2.035399999999999920e+01	2.261678089787172752e+01
2.062400000000000233e+01	2.007196995572115128e+01
1.999800000000000111e+01	2.305900387620659941e+01
2.370499999999999829e+01	2.360483984634254639e+01
2.557499999999999929e+01	2.304441388126339163e+01
2.248699999999999832e+01	2.321378185191837318e+01
2.091800000000000281e+01	2.443806343299047157e+01
2.266499999999999915e+01	2.381705145304043469e+01
2.416800000000000281e+01	2.304057491279312941e+01
2.135699999999999932e+01	2.373624683165287763e+01
2.389699999999999847e+01	2.355470434307947869e+01
2.649399999999999977e+01	2.526668409324262399e+01
1.953500000000000014e+01	2.146639682785411907e+01
2.891099999999999781e+01	2.353916300547584228e+01
2.161100000000000065e+01	2.473446700684174360e+01
2.487300000000000111e+01	2.165432969571991251e+01
2.318900000000000006e+01	2.504625576177165058e+01
1.526299999999999990e+01	1.934291772407185306e+01
2.579400000000000048e+01	2.317657144243033329e+01
2.372800000000000153e+01	2.292600973147786192e+01
2.636699999999999733e+01	2.466889432155441142e+01
2.833300000000000196e+01	2.255880975810933009e+01
2.021300000000000097e+01	2.316456640371162123e+01
2.620800000000000196e+01	2.315086555409064673e+01
2.371300000000000097e+01	2.278185179125570770e+01
2.441300000000000026e+01	2.460007193658784175e+01
2.014199999999999946e+01	1.879670530160365871e+01
2.435599999999999810e+01	2.356640881950185218e+01
2.253800000000000026e+01	2.387006381513238296e+01
2.504500000000000171e+01	2.223491630738637426e+01
1.932600000000000051e+01	2.079013843017960284e+01
2.152100000000000080e+01	2.105331659047171655e+01
2.417199999999999704e+01	2.153909570672136908e+01
2.399199999999999733e+01	2.225561675568536657e+01
2.672199999999999775e+01	2.342450643624310302e+01
2.361800000000000210e+01	2.412115891872420192e+01
2.172500000000000142e+01	2.027013561541855324e+01
2.484099999999999753e+01	2.460719450210714854e+01
2.065800000000000125e+01	2.139686259531338308e+01
2.436800000000000210e+01	2.239599709290039797e+01
2.411599999999999966e+01	1.928540421634760094e+01
2.484400000000000119e+01	2.557329110082771351e+01
1.805300000000000082e+01	2.094633587830233878e+01
2.313800000000000168e+01	2.441079991900589974e+01
2.202300000000000324e+01	2.207159703709708864e+01
2.474800000000000111e+01	2.188455988656130202e+01
1.805900000000000105e+01	2.142058032052318239e+01
1.945100000000000051e+01	2.261039735032606757e+01
2.528699999999999903e+01	2.551404356464596646e+01
2.373300000000000054e+01	1.901073565716392366e+01
1.965500000000000114e+01	2.206368470276433769e+01
2.323600000000000065e+01	2.464909504242507765e+01
2.161199999999999832e+01	2.068067565094338889e+01
2.324500000000000099e+01	2.198770600150027121e+01
2.512300000000000111e+01	2.545491367060930088e+01
2.428099999999999881e+01	2.463083127753647616e+01
2.460699999999999932e+01	2.178844240556675871e+01
2.296599999999999753e+01	2.510268674118631083e+01
2.669300000000000139e+01	2.397591229925003020e+01
1.754200000000000159e+01	2.112449694684475077e+01
2.728699999999999903e+01	2.644692303599123662e+01
2.008299999999999841e+01	2.442695249835199434e+01
2.273300000000000054e+01	2.106054593854728196e+01
2.348300000000000054e+01	2.056014661496858054e+01
1.908500000000000085e+01	2.260004846937536627e+01
2.042299999999999827e+01	1.826930281600943218e+01
1.770299999999999940e+01	2.103797465058188720e+01
2.446400000000000219e+01	2.317716627574372268e+01
2.079500000000000171e+01	1.976613299145057923e+01
2.045499999999999829e+01	2.244879591437292632e+01
2.303099999999999881e+01	2.387769019166121609e+01
2.027299999999999969e+01	1.955853776968299584e+01
2.471800000000000352e+01	2.343001048110875928e+01
2.222199999999999775e+01	2.159287163061908643e+01
1.849399999999999977e+01	2.262675990151175043e+01
2.084800000000000253e+01	2.238365001493795958e+01
2.144599999999999795e+01	2.070578628076827243e+01
1.887800000000000011e+01	2.162184042281539575e+01
2.531099999999999994e+01	2.574928224234873042e+01
1.686899999999999977e+01	1.917745788014612174e+01
2.787000000000000099e+01	2.487740605005575745e+01
2.105300000000000082e+01	2.099514272833906503e+01
1.494900000000000162e+01	1.718428762511601704e+01
1.839099999999999824e+01	1.860432022224360438e+01
2.517900000000000205e+01	2.472790221349251638e+01
2.152699999999999747e+01	2.021029086005849607e+01
2.382600000000000051e+01	2.625058671493459883e+01
1.800400000000000134e+01	2.389627983824963309e+01
2.367300000000000182e+01	2.300221712889862147e+01
2.236699999999999733e+01	2.312912696622163367e+01
2.438400000000000034e+01	2.063440006229367540e+01
2.370100000000000051e+01	2.245706845341706526e+01
2.302699999999999747e+01	2.264105593033239572e+01
2.306500000000000128e+01	2.345467676950358893e+01
2.296300000000000097e+01	2.374852925204258725e+01
2.526199999999999690e+01	2.124803890871789491e+01
2.592399999999999949e+01	2.336535548246650507e+01
2.594900000000000162e+01	2.411418699554009848e+01
1.829799999999999827e+01	2.074275310720443244e+01
2.108500000000000085e+01	2.163714907448134284e+01
2.649099999999999966e+01	2.238223484204390701e+01
1.564599999999999902e+01	2.309846959980954750e+01
2.873400000000000176e+01	2.659045455652096734e+01
2.199300000000000210e+01	2.204362142305242145e+01
2.093400000000000105e+01	2.187995857754567552e+01
2.639600000000000080e+01	2.482349874300748027e+01
2.136300000000000310e+01	2.307246658643825299e+01
2.313899999999999935e+01	2.058762275642329342e+01
2.519300000000000139e+01	2.172075967840355659e+01
2.332300000000000040e+01	2.046882302942138310e+01
2.462500000000000000e+01	2.388726033124178372e+01
1.966199999999999903e+01	2.389209539559094608e+01
2.005599999999999739e+01	2.313065591494426343e+01
1.837699999999999889e+01	2.329448672616336680e+01
1.930000000000000071e+01	2.118411718250041531e+01
2.191499999999999915e+01	2.263443379848060744e+01
2.298099999999999810e+01	2.275640778696989130e+01
2.424199999999999733e+01	2.366713430269048146e+01
2.268199999999999861e+01	2.092151299191709057e+01
2.461300000000000310e+01	2.127859701443317419e+01
2.225000000000000000e+01	1.987435982818744762e+01
2.305999999999999872e+01	2.093187667250115780e+01
2.018700000000000117e+01	2.183103152125096713e+01
2.070300000000000296e+01	2.262100933844983075e+01
1.836799999999999855e+01	2.211302511341497024e+01
2.411699999999999733e+01	2.248829655432347252e+01
2.050300000000000011e+01	2.225196631168026684e+01
2.554800000000000182e+01	2.509748819094322059e+01
2.023799999999999955e+01	2.265132874585075484e+01
1.993299999999999983e+01	2.332022752865948334e+01
2.126999999999999957e+01	2.191382395382861503e+01
2.192099999999999937e+01	2.308075167277199213e+01
2.449099999999999966e+01	2.618884253408963048e+01
1.989600000000000080e+01	2.317261093491677926e+01
2.233099999999999952e+01	2.409343824896494723e+01
2.562000000000000099e+01	2.487160818249366301e+01
2.105800000000000338e+01	2.185837455294610621e+01
2.462699999999999889e+01	2.703954235211008950e+01
2.456699999999999662e+01	2.405698403536171170e+01
2.355099999999999838e+01	2.287776778209347484e+01
2.430800000000000338e+01	2.404247712250520408e+01
1.928500000000000014e+01	2.050762932276111172e+01
2.452199999999999847e+01	2.483855738362385424e+01
1.925000000000000000e+01	1.998234788589734734e+01
2.123400000000000176e+01	2.245144817503958734e+01
2.040700000000000003e+01	2.121509712633331546e+01
1.898999999999999844e+01	2.165688936266214881e+01
1.864099999999999824e+01	2.278170596422644323e+01
2.162300000000000111e+01	1.870867784044864379e+01
2.539999999999999858e+01	2.467592971123136536e+01
2.258300000000000196e+01	2.103725216493886663e+01
2.363599999999999923e+01	2.250831260550297230e+01
2.296000000000000085e+01	2.371145938384726293e+01
2.333900000000000219e+01	2.138486178824869199e+01
2.763899999999999935e+01	2.584462611560550016e+01
2.217699999999999960e+01	2.258959637420235467e+01
2.384900000000000020e+01	2.291566901903694742e+01
2.484099999999999753e+01	2.344884208686254468e+01
2.336300000000000310e+01	2.264320990665248701e+01
2.149300000000000210e+01	2.314740144070661643e+01
2.126500000000000057e+01	2.141911849981307014e+01
2.020799999999999841e+01	1.959527188527683350e+01
1.594900000000000162e+01	2.013471970303206149e+01
2.588100000000000023e+01	2.205215145869522431e+01
2.413199999999999790e+01	2.437069644363877075e+01
2.362699999999999889e+01	2.466934491749696079e+01
2.224800000000000111e+01	2.370743603610906902e+01
2.062099999999999866e+01	2.198745492644535915e+01
2.782800000000000296e+01	2.307497430260850280e+01
2.410599999999999810e+01	2.235290641573035586e+01
2.710699999999999932e+01	2.423850568800197891e+01
2.526300000000000168e+01	2.380335066026103874e+01
2.107800000000000296e+01	2.131961010436443260e+01
1.792200000000000060e+01	2.090313182484119636e+01
2.314300000000000068e+01	2.430015690607095635e+01
2.387400000000000233e+01	2.304934562334641157e+01
2.023300000000000054e+01	2.463220180572058382e+01
2.630199999999999960e+01	2.297179555604373391e+01
2.649099999999999966e+01	2.518666623118754089e+01
2.458399999999999963e+01	2.354293806853731041e+01
2.169500000000000028e+01	2.108511346395160757e+01
2.476199999999999690e+01	2.503954648590736198e+01
2.439499999999999957e+01	2.460570615287139873e+01
2.189499999999999957e+01	2.478154683043377560e+01
2.504199999999999804e+01	2.362615713080147728e+01
2.215500000000000114e+01	2.147539979595760329e+01
2.003000000000000114e+01	2.125678011691783453e+01
2.690800000000000125e+01	1.990904173658454113e+01
2.743699999999999761e+01	2.602285934894941377e+01
2.173699999999999832e+01	2.523344024932391605e+01
2.284900000000000020e+01	2.321825869123241759e+01
2.241900000000000048e+01	2.158290222663438485e+01
2.151199999999999690e+01	2.438272722955677807e+01
2.295400000000000063e+01	2.397024172198691261e+01
2.259099999999999753e+01	2.614632617413078464e+01
2.639999999999999858e+01	2.357100152183883068e+01
2.292599999999999838e+01	2.500018430963014637e+01
2.373000000000000043e+01	2.306988404685434091e+01
2.287099999999999866e+01	2.220737118550923839e+01
2.277199999999999847e+01	2.230511344611865709e+01
2.411499999999999844e+01	2.119336531980572147e+01
2.303800000000000026e+01	2.209640903634586806e+01
1.786299999999999955e+01	2.188172882928376950e+01
1.929299999999999926e+01	2.014169430291437735e+01
2.146800000000000352e+01	2.024793900860352025e+01
2.157699999999999818e+01	2.061951148370600606e+01
2.333300000000000196e+01	2.349814401133459896e+01
2.389099999999999824e+01	2.039260957403108065e+01
2.292999999999999972e+01	2.315020446725337777e+01
2.391400000000000148e+01	2.474985947206163317e+01
2.191499999999999915e+01	2.266995904291018604e+01
2.409699999999999775e+01	2.016379160056831665e+01
2.477300000000000324e+01	2.123902690418793071e+01
2.169300000000000139e+01	2.217377060123504151e+01
2.124399999999999977e+01	2.050946717728568203e+01
2.322100000000000009e+01	2.368988709680196081e+01
2.279500000000000171e+01	2.241611985916823002e+01
2.264199999999999946e+01	2.454928321683924963e+01
2.114800000000000324e+01	2.207110489631692118e+01
2.032700000000000173e+01	2.245070270413379276e+01
2.286400000000000077e+01	2.266305323261849480e+01
2.375600000000000023e+01	2.704596613891262891e+01
1.871099999999999852e+01	2.399015558719826657e+01
2.552199999999999847e+01	2.188991511298377191e+01
1.969900000000000162e+01	2.312764779182537467e+01
2.288400000000000034e+01	2.146801684306534952e+01
2.176999999999999957e+01	2.128851446010098769e+01
2.344599999999999795e+01	2.323801549223843210e+01
2.471999999999999886e+01	2.465020231392880845e+01
2.160000000000000142e+01	2.206296642978652045e+01
2.080999999999999872e+01	1.999361172018951294e+01
2.186899999999999977e+01	2.119017383759030082e+01
2.382400000000000162e+01	2.469176973139902387e+01
2.269900000000000162e+01	2.274854263168474588e+01
2.160900000000000176e+01	2.388256092458737712e+01
2.166900000000000048e+01	2.120247857327861496e+01
1.855599999999999739e+01	2.281191150357091857e+01
2.054400000000000048e+01	2.140177937509222872e+01
2.261499999999999844e+01	2.297097379071660583e+01
2.579199999999999804e+01	2.528150623851789192e+01
2.454300000000000281e+01	2.168143487140719117e+01
2.090800000000000125e+01	2.167345395541831721e+01
2.174900000000000233e+01	2.217728402461385073e+01
2.416800000000000281e+01	2.071945407786621729e+01
2.433300000000000196e+01	2.017699668970425009e+01
2.510800000000000054e+01	2.378106716370497153e+01
2.212699999999999889e+01	2.259661319962510007e+01
2.470800000000000196e+01	2.249081521568563247e+01
2.523300000000000054e+01	2.115839341111406569e+01
2.313100000000000023e+01	2.528133928283236287e+01
2.179400000000000048e+01	1.883295472534508619e+01
2.048499999999999943e+01	2.292734121651379908e+01
2.110699999999999932e+01	2.363551116696565657e+01
2.397100000000000009e+01	2.184767133450421994e+01
2.488899999999999935e+01	2.202175182419796684e+01
2.207099999999999795e+01	2.304001213249410895e+01
2.172599999999999909e+01	2.117921954672372920e+01
2.722100000000000009e+01	2.474745707352626312e+01
2.381500000000000128e+01	2.160060133140230221e+01
2.571900000000000119e+01	2.357400870472709187e+01
2.243800000000000239e+01	2.599023006352581078e+01
2.130000000000000071e+01	2.032342200385094699e+01
1.961200000000000188e+01	2.465609132217237942e+01
2.537099999999999866e+01	2.274406990400065709e+01
2.553599999999999781e+01	2.328626438050770631e+01
2.417599999999999838e+01	2.225147027301121128e+01
2.494300000000000139e+01	2.652760673686914217e+01
2.104699999999999704e+01	2.214529700723355177e+01
2.755400000000000205e+01	2.329040374698807980e+01
2.580900000000000105e+01	2.631004983381032147e+01
2.605300000000000082e+01	2.277311506242459060e+01
2.482300000000000040e+01	2.508831979233848841e+01
2.095499999999999829e+01	2.317167336644565623e+01
2.243300000000000338e+01	2.248983553484341513e+01
2.404699999999999704e+01	2.137389865843186243e+01
2.199699999999999989e+01	2.520429231626376776e+01
2.536400000000000077e+01	2.314473760605709884e+01
2.613899999999999935e+01	2.438812810577396561e+01
2.129800000000000182e+01	2.336875401560096321e+01
2.169500000000000028e+01	2.054248111762728968e+01
2.079500000000000171e+01	1.907227569543751144e+01
2.258599999999999852e+01	2.345729758689101274e+01
2.071800000000000352e+01	2.097782238150477951e+01
2.200099999999999767e+01	2.091095254001718118e+01
2.687099999999999866e+01	2.815354019579310219e+01
1.971000000000000085e+01	2.106286176344450212e+01
1.725600000000000023e+01	2.033170423762250678e+01
2.216800000000000281e+01	1.927309498492513029e+01
2.283500000000000085e+01	2.209507734893755071e+01
2.379199999999999804e+01	2.458275934709138610e+01
2.019000000000000128e+01	2.179858383795346199e+01
1.909400000000000119e+01	2.348328714985280286e+01
2.360800000000000054e+01	2.312967726638801835e+01
2.624099999999999966e+01	2.413914132888010400e+01
2.295300000000000296e+01	2.447245771786780466e+01
2.367699999999999960e+01	2.203507251281072854e+01
1.796199999999999974e+01	1.823891662366488120e+01
2.455099999999999838e+01	2.515576651447554823e+01
2.705900000000000105e+01	2.622136354877148179e+01
2.542199999999999704e+01	2.530675543194383437e+01
2.375400000000000134e+01	2.477000165132712439e+01
1.640200000000000102e+01	2.172002076284797667e+01
1.940599999999999881e+01	2.122535543458493379e+01
2.114099999999999824e+01	2.065021040477672543e+01
2.443400000000000105e+01	2.409384115212329647e+01
2.274900000000000233e+01	2.186545477722189901e+01
2.254899999999999949e+01	2.083365793552153278e+01
2.084499999999999886e+01	2.436623880934093123e+01
2.200800000000000267e+01	1.932218626811700091e+01
2.136499999999999844e+01	2.314342688962529238e+01
1.735399999999999920e+01	2.007697277513922174e+01
2.677899999999999991e+01	2.349269591390702772e+01
2.546900000000000119e+01	2.527268882049576604e+01
2.811599999999999966e+01	2.627960836133786415e+01
2.378500000000000014e+01	2.489899967019482574e+01
2.370499999999999829e+01	2.431265330556156457e+01
2.033999999999999986e+01	2.369624804706428023e+01
2.449399999999999977e+01	2.445455290218589539e+01
2.340699999999999648e+01	2.303177701344704076e+01
2.245699999999999719e+01	1.989416170734945766e+01
2.043299999999999983e+01	2.460659543082498502e+01
2.500400000000000134e+01	2.247627348778573264e+01
1.755000000000000071e+01	2.075015152564310483e+01
2.614499999999999957e+01	2.233604016643360879e+01
2.166099999999999781e+01	2.123537662113307789e+01
2.161899999999999977e+01	2.234887395787183806e+01
2.192300000000000182e+01	2.368422520192720171e+01
2.171400000000000219e+01	2.341473599753941670e+01
2.263599999999999923e+01	2.563251484467100383e+01
2.484699999999999775e+01	2.461453019710379664e+01
2.544099999999999895e+01	2.242192836850610149e+01
2.076999999999999957e+01	2.110296790194608008e+01
1.843200000000000216e+01	2.015684942440006822e+01
2.363100000000000023e+01	2.432952946209247003e+01
2.481500000000000128e+01	2.199673164685191296e+01
2.428699999999999903e+01	2.019255233386003567e+01
2.489199999999999946e+01	2.428458419845102156e+01
2.432000000000000028e+01	2.537620129110070266e+01
2.544400000000000261e+01	2.278964345609791309e+01
1.774200000000000088e+01	1.941731652380081741e+01
2.626800000000000068e+01	2.472145438506094450e+01
2.595400000000000063e+01	2.292380502919592900e+01
2.462099999999999866e+01	2.429578676073136734e+01
2.839600000000000080e+01	2.414561072362372940e+01
2.105000000000000071e+01	2.320486521592392037e+01
1.914700000000000202e+01	1.854157033548504785e+01
2.036899999999999977e+01	2.180492478110626209e+01
1.989000000000000057e+01	1.912577300775256361e+01
2.906500000000000128e+01	2.589162302215880374e+01
2.274800000000000111e+01	2.310180348077070533e+01
1.743700000000000117e+01	2.110147737292737347e+01
2.100300000000000011e+01	2.134914138977050868e+01
1.813599999999999923e+01	2.286302148214116414e+01
2.278400000000000247e+01	1.887605627821988818e+01
2.576699999999999946e+01	1.977683603650699240e+01
2.165199999999999747e+01	2.215247666146757055e+01
2.264999999999999858e+01	2.326342571390476621e+01
1.948700000000000188e+01	2.039056923323872894e+01
2.504400000000000048e+01	2.238948774832916300e+01
2.362999999999999901e+01	2.600985184403868544e+01
1.909900000000000020e+01	2.226573591807613184e+01
2.361599999999999966e+01	2.246841901974055133e+01
2.100099999999999767e+01	1.740950852085787304e+01
2.209400000000000119e+01	2.698779470734396213e+01
2.585199999999999676e+01	2.658746490120786277e+01
2.104400000000000048e+01	2.336549820277469180e+01
2.270800000000000196e+01	2.199893070968485276e+01
2.531900000000000261e+01	2.460764604223721008e+01
2.184800000000000253e+01	1.992290409442976440e+01
1.912300000000000111e+01	2.206894542383992075e+01
1.899900000000000233e+01	2.550508479852161514e+01
2.566000000000000014e+01	2.461758145923338859e+01
1.708399999999999963e+01	2.233725385098776428e+01
2.471300000000000097e+01	2.270573810649526791e+01
1.778200000000000003e+01	2.413451799209953563e+01
2.024699999999999989e+01	1.940193724452550583e+01
2.335500000000000043e+01	2.343614347037164336e+01
2.703900000000000148e+01	2.447412451936876465e+01
2.312699999999999889e+01	2.143519863905016365e+01
2.412400000000000233e+01	2.089663391814227467e+01
1.995100000000000051e+01	2.057857443825684030e+01
2.237500000000000000e+01	2.294861712392528830e+01
2.000600000000000023e+01	2.135387639945650662e+01
2.292300000000000182e+01	2.221019702675082286e+01
2.663100000000000023e+01	2.234238656386925825e+01
2.041799999999999926e+01	2.130035288970385920e+01
2.074500000000000099e+01	2.050558585496525055e+01
2.213500000000000156e+01	2.187013610493082538e+01
2.237699999999999889e+01	2.236242512087744672e+01
2.555199999999999960e+01	2.359443423444790966e+01
2.013799999999999812e+01	2.276266100325954866e+01
2.134199999999999875e+01	2.218791077557674285e+01
2.362400000000000233e+01	2.199389996589986396e+01
1.864900000000000091e+01	1.939806952988768884e+01
2.442199999999999704e+01	2.184866899089805869e+01
2.342999999999999972e+01	2.336468724858369228e+01
2.360199999999999676e+01	2.418369341292337182e+01
2.550600000000000023e+01	2.478683480362443703e+01
2.193599999999999994e+01	2.171772737517980900e+01
1.546499999999999986e+01	2.041237788209936710e+01
2.407300000000000040e+01	2.185452174684463955e+01
2.173800000000000310e+01	2.280103567736392378e+01
2.220699999999999719e+01	1.920546104692574119e+01
1.948300000000000054e+01	2.234402174759892645e+01
2.072400000000000020e+01	2.380817800573856147e+01
1.796099999999999852e+01	2.192258221834196874e+01
2.567500000000000071e+01	2.628239442693655192e+01
2.236199999999999832e+01	2.140176136862781320e+01
1.923499999999999943e+01	2.183517538291371451e+01
2.276699999999999946e+01	2.492712578578053595e+01
2.402400000000000091e+01	2.350957300312621712e+01
2.395300000000000296e+01	2.087812007373321066e+01
2.417699999999999960e+01	2.245123770040224187e+01
2.464300000000000068e+01	2.248861199387237164e+01
2.578000000000000114e+01	2.367303574687264245e+01
1.797599999999999909e+01	1.934494203061968420e+01
1.430900000000000105e+01	2.194596964490686020e+01
2.384699999999999775e+01	2.337010069782493815e+01
1.904500000000000171e+01	2.195475869700450033e+01
1.763700000000000045e+01	2.197607102328034401e+01
2.183900000000000219e+01	2.301155034174992409e+01
2.310099999999999909e+01	2.174520346779398494e+01
2.125199999999999889e+01	2.340523351747192038e+01
2.745300000000000296e+01	2.645428043336792712e+01
2.056099999999999994e+01	2.072840160584578229e+01
1.997400000000000020e+01	2.302781980225144309e+01
2.207699999999999818e+01	2.271387824553973545e+01
2.407499999999999929e+01	2.668104475133098319e+01
2.507499999999999929e+01	2.522801690605475144e+01
2.596999999999999886e+01	2.379281496044339050e+01
2.144199999999999662e+01	2.144428861544223963e+01
1.995700000000000074e+01	2.247881497846671905e+01
2.146400000000000219e+01	2.289958944020168374e+01
2.386899999999999977e+01	2.298394534085380769e+01
2.425000000000000000e+01	2.261590163235304374e+01
2.025700000000000145e+01	2.061988805030024707e+01
1.774699999999999989e+01	1.847323112162872505e+01
2.351599999999999824e+01	2.493628944008698767e+01
2.521099999999999852e+01	2.180573277260082321e+01
2.625699999999999790e+01	2.261327032009290150e+01
2.505000000000000071e+01	2.645943622774481696e+01
2.305300000000000082e+01	2.429805448705963755e+01
2.388400000000000034e+01	2.218800197871564350e+01
2.289999999999999858e+01	2.055712152629090994e+01
2.540500000000000114e+01	2.628739794536758367e+01
2.370199999999999818e+01	2.309313351288489713e+01
2.335800000000000054e+01	2.518407496903937925e+01
2.219199999999999662e+01	2.093598158666503650e+01
2.589199999999999946e+01	2.424605821585253551e+01
2.341199999999999903e+01	2.196690859951364061e+01
2.401000000000000156e+01	2.605176366170418234e+01
2.746000000000000085e+01	2.641751729718146890e+01
2.238500000000000156e+01	2.324704251433216484e+01
2.320899999999999963e+01	2.379351450238987908e+01
2.207199999999999918e+01	2.520534178312178852e+01
2.224900000000000233e+01	2.292651065425390655e+01
1.958900000000000219e+01	2.083226633243717529e+01
2.516499999999999915e+01	2.275393557368158426e+01
2.477699999999999747e+01	2.325166526721282523e+01
2.021999999999999886e+01	1.974801937189736023e+01
1.887599999999999767e+01	2.366454091102120927e+01
2.167699999999999960e+01	2.226586255820635429e+01
2.226999999999999957e+01	2.220319255268797676e+01
1.942399999999999949e+01	1.757937521405937176e+01
2.594000000000000128e+01	2.531840941554261448e+01
2.455000000000000071e+01	2.556319052790625790e+01
2.130800000000000338e+01	2.068529157686210951e+01
2.323699999999999832e+01	2.397423776264102457e+01
2.236899999999999977e+01	2.468876199994706866e+01
2.353300000000000125e+01	2.157140227968170620e+01
2.119500000000000028e+01	2.654882826759133607e+01
2.132499999999999929e+01	2.321352326035419011e+01
1.788500000000000156e+01	1.777904810835959282e+01
2.210599999999999810e+01	2.433358836731434494e+01
2.343300000000000338e+01	2.372086982301673785e+01
2.379199999999999804e+01	2.200101027806990928e+01
1.580799999999999983e+01	1.993968712513601460e+01
2.148000000000000043e+01	2.035623478122352736e+01
1.970499999999999829e+01	2.451903629161887466e+01
2.127499999999999858e+01	2.075533578169717330e+01
2.549800000000000111e+01	2.315731044563807473e+01
2.448400000000000176e+01	2.376930385900507403e+01
2.845599999999999952e+01	2.362393288422864757e+01
2.172800000000000153e+01	2.399208249823817596e+01
2.489499999999999957e+01	2.234766469673519396e+01
2.335900000000000176e+01	2.509134249514031367e+01
2.153999999999999915e+01	2.157577698012928735e+01
2.265199999999999747e+01	2.228536373484495314e+01
2.019299999999999784e+01	2.400759259527612954e+01
1.920200000000000173e+01	2.257598725466491629e+01
1.792800000000000082e+01	2.118951469673909571e+01
2.235699999999999932e+01	2.057508607367589804e+01
2.539300000000000068e+01	2.210070420294239213e+01
2.118499999999999872e+01	1.976753243985484332e+01
2.509699999999999775e+01	2.381071011826129791e+01
2.149399999999999977e+01	2.001459106883172012e+01
2.262400000000000233e+01	2.226597321699141219e+01
2.858699999999999974e+01	2.527395235393372985e+01
2.099099999999999966e+01	2.090936018146274478e+01
2.624500000000000099e+01	2.180311033682982469e+01
2.457400000000000162e+01	2.330933001897839674e+01
2.180099999999999838e+01	2.106605317595558802e+01
2.115099999999999980e+01	2.368886563546080382e+01
2.458699999999999974e+01	2.254334987825290781e+01
2.438400000000000034e+01	2.158926627951430888e+01
2.275099999999999767e+01	2.066365468432490005e+01
2.415199999999999747e+01	2.390209905725584605e+01
1.937000000000000099e+01	2.108538569615341629e+01
2.246599999999999753e+01	2.273908989032396732e+01
2.613300000000000267e+01	2.482449066450927333e+01
2.537599999999999767e+01	2.348504566993264930e+01
2.315399999999999991e+01	2.271945800478523836e+01
1.989300000000000068e+01	2.304082855411124342e+01
1.917699999999999960e+01	2.018511467185678399e+01
2.433099999999999952e+01	2.393791953009792195e+01
2.230400000000000205e+01	2.522696087274820442e+01
2.157300000000000040e+01	2.378014352577450907e+01
2.110699999999999932e+01	2.028848101862395481e+01
2.063300000000000267e+01	2.249150277505853879e+01
1.544599999999999973e+01	2.159300089133690648e+01
2.357600000000000051e+01	2.455557226778983093e+01
2.235800000000000054e+01	2.251214036483369441e+01
1.795200000000000173e+01	2.124436719081331404e+01
2.687900000000000134e+01	2.062010329492189342e+01
2.442500000000000071e+01	2.154890631416285629e+01
2.330800000000000338e+01	2.264085181398395719e+01
2.089000000000000057e+01	2.239537345691872616e+01
2.400900000000000034e+01	2.349631175454134180e+01
2.204199999999999804e+01	2.539250026294910967e+01
2.014499999999999957e+01	2.093756511424401623e+01
2.311699999999999733e+01	2.146650567598431536e+01
2.848600000000000065e+01	2.121867868939713375e+01
1.912000000000000099e+01	2.222654130651562809e+01
2.239000000000000057e+01	2.451306711572078711e+01
2.116699999999999804e+01	2.221464371247739322e+01
1.917500000000000071e+01	2.036896693606652065e+01
1.958900000000000219e+01	2.243886406737243533e+01
2.213899999999999935e+01	2.149263617455867958e+01
1.976399999999999935e+01	1.885529869949692028e+01
2.908999999999999986e+01	2.593883334873554958e+01
1.835099999999999909e+01	2.157174503667636500e+01
2.201500000000000057e+01	2.364221239484879078e+01
1.461800000000000033e+01	1.936822350553575234e+01
2.065300000000000225e+01	2.295288047815902388e+01
1.964499999999999957e+01	2.210415163396155691e+01
1.855799999999999983e+01	2.191463176074026364e+01
2.220499999999999829e+01	1.989301085919625578e+01
2.486899999999999977e+01	2.225289511899101669e+01
2.170599999999999952e+01	2.107342601252161174e+01
2.175000000000000000e+01	2.134974141663061431e+01
2.452300000000000324e+01	2.339388805811079663e+01
2.059099999999999753e+01	2.472071917289807885e+01
2.158599999999999852e+01	2.181849426159008587e+01
2.456800000000000139e+01	2.276780437733045304e+01
2.545400000000000063e+01	2.477782885006499214e+01
2.307000000000000028e+01	2.427586767231074205e+01
2.450099999999999767e+01	2.381372738069594419e+01
2.371499999999999986e+01	2.619666098795692477e+01
1.914999999999999858e+01	2.056138255041156171e+01
2.397100000000000009e+01	2.499922483238366056e+01
2.042900000000000205e+01	2.334365781710961585e+01
2.110900000000000176e+01	2.413945165064522769e+01
1.993799999999999883e+01	2.538588935445478612e+01
2.190099999999999980e+01	2.185981208838787282e+01
2.349500000000000099e+01	1.937396672507466278e+01
2.216499999999999915e+01	2.153465944699849643e+01
2.015200000000000102e+01	2.195046497339948743e+01
2.066800000000000281e+01	2.406977775663172281e+01
2.093199999999999861e+01	2.406021906967770718e+01
1.798400000000000176e+01	2.010801906478709711e+01
2.357499999999999929e+01	2.164783453566739624e+01
2.615500000000000114e+01	2.378499623508651695e+01
2.014400000000000190e+01	2.395736352957033688e+01
2.274500000000000099e+01	2.213945187073694854e+01
2.312999999999999901e+01	2.343267633930739891e+01
2.657400000000000162e+01	2.489895871915629755e+01
2.094699999999999918e+01	2.145005003582317471e+01
2.260099999999999909e+01	2.095832159137293260e+01
2.333999999999999986e+01	2.445350608645848212e+01
2.116600000000000037e+01	2.133870695987008048e+01
2.164199999999999946e+01	2.358315222660508326e+01
2.089099999999999824e+01	2.191841009041833033e+01
2.086100000000000065e+01	2.492545366763689429e+01
2.308500000000000085e+01	2.350397851486084733e+01
2.634300000000000352e+01	2.387105608679639701e+01
2.327800000000000225e+01	2.520092325153185797e+01
2.031299999999999883e+01	2.294561663610778268e+01
2.268800000000000239e+01	2.172295451767968899e+01
2.294599999999999795e+01	2.467345780689928247e+01
2.079599999999999937e+01	2.273770925013513988e+01
2.479699999999999704e+01	2.548362331514789858e+01
1.632199999999999918e+01	2.170093512705779304e+01
2.411800000000000210e+01	2.136434093792687250e+01
2.286899999999999977e+01	2.521804731749612216e+01
2.332600000000000051e+01	2.689972771791401485e+01
1.984600000000000009e+01	2.305751794374221220e+01
2.433399999999999963e+01	2.123516031435608298e+01
2.182800000000000296e+01	2.236141805116859160e+01
2.662300000000000111e+01	2.497708162707383650e+01
2.023400000000000176e+01	2.156901340707255699e+01
2.301000000000000156e+01	2.061823742216540722e+01
2.122899999999999920e+01	1.994327766837129445e+01
2.383900000000000219e+01	2.178562357506991631e+01
2.525699999999999790e+01	2.337207285907754084e+01
2.727199999999999847e+01	2.383185759330355680e+01
2.230599999999999739e+01	2.042477531314406392e+01
2.091699999999999804e+01	1.993897695842990458e+01
2.191099999999999781e+01	2.356822235289208578e+01
2.694500000000000028e+01	2.411028462206644463e+01
2.121099999999999852e+01	2.061449181931465446e+01
2.390199999999999747e+01	2.277789018058667025e+01
2.049500000000000099e+01	2.116912202893111683e+01
1.856200000000000117e+01	1.970678894174628937e+01
2.011499999999999844e+01	2.202864921430918344e+01
2.569000000000000128e+01	2.321626050913445383e+01
2.249500000000000099e+01	2.254329073011732731e+01
2.246099999999999852e+01	2.259335460174417420e+01
1.469700000000000095e+01	2.013139667092197271e+01
1.929100000000000037e+01	2.186909962310343758e+01
1.946799999999999997e+01	2.050526548403195903e+01
2.143599999999999994e+01	2.034362190955525662e+01
2.226300000000000168e+01	1.995201998899270279e+01
2.254800000000000182e+01	2.188260006569635863e+01
2.437000000000000099e+01	2.503079819643638970e+01
2.468699999999999761e+01	2.306291676651724387e+01
2.361199999999999832e+01	2.330543822601498150e+01
2.351399999999999935e+01	2.335087442608907438e+01
2.275000000000000000e+01	2.368496236349986006e+01
2.771000000000000085e+01	2.494884416777560077e+01
2.176300000000000168e+01	1.949197479519895992e+01
2.103300000000000125e+01	2.233004635733015064e+01
1.877799999999999869e+01	2.087068541106755148e+01
2.144800000000000040e+01	2.410165363042312237e+01
2.195599999999999952e+01	1.961455791782617908e+01
2.391099999999999781e+01	2.355151155231981619e+01
2.230499999999999972e+01	2.281564013199328755e+01
2.685199999999999676e+01	2.284485323246306976e+01
2.196900000000000119e+01	2.261998391640278427e+01
2.612199999999999989e+01	2.295641939065001225e+01
2.241900000000000048e+01	2.136174579169640353e+01
2.502899999999999991e+01	2.348291446245329084e+01
1.752299999999999969e+01	2.441169990489729713e+01
2.157800000000000296e+01	2.183690301573817294e+01
2.655800000000000338e+01	2.293795115573987786e+01
2.655000000000000071e+01	2.464749938289040188e+01
2.115199999999999747e+01	2.164547949580497388e+01
1.948700000000000188e+01	1.855567205166556377e+01
2.297899999999999920e+01	2.188059170573908574e+01
2.233300000000000196e+01	2.035720611719720807e+01
2.397100000000000009e+01	2.311914293486552197e+01
2.292599999999999838e+01	2.420088901438949236e+01
2.295899999999999963e+01	2.413731760420846939e+01
1.877299999999999969e+01	2.390519790532919231e+01
2.446599999999999753e+01	2.816998032496364601e+01
2.480400000000000205e+01	2.159297026472764358e+01
2.184900000000000020e+01	2.240511729213818981e+01
1.711400000000000077e+01	2.141293968622025545e+01
2.607099999999999795e+01	2.383388895273913022e+01
2.555800000000000338e+01	2.614987457580999219e+01
2.202499999999999858e+01	2.392170616232795410e+01
1.891000000000000014e+01	2.347194792704503286e+01
1.870200000000000173e+01	2.297652383733510462e+01
2.187400000000000233e+01	2.179842374418299045e+01
2.427899999999999991e+01	2.290293497034269166e+01
2.478000000000000114e+01	2.150232612380820640e+01
2.559699999999999775e+01	2.276818565710527764e+01
2.413699999999999690e+01	2.102114360846576702e+01
2.409800000000000253e+01	2.387499821386514043e+01
1.962199999999999989e+01	2.068993396454319722e+01
2.177300000000000324e+01	2.157211340569519820e+01
2.143800000000000239e+01	2.366301532265322294e+01
2.176000000000000156e+01	2.209968312147274716e+01
1.971599999999999753e+01	2.228537632857823780e+01
2.290800000000000125e+01	1.971133751429625036e+01
2.138500000000000156e+01	2.235585130703913848e+01
2.605999999999999872e+01	2.352677386003840354e+01
1.556400000000000006e+01	2.163241630965248419e+01
2.465900000000000247e+01	2.533720465265903954e+01
2.121599999999999753e+01	2.311047638718708441e+01
2.833399999999999963e+01	2.619361799244736844e+01
1.778699999999999903e+01	2.005289323586212191e+01
2.012099999999999866e+01	2.200054885869300492e+01
1.765099999999999980e+01	2.202058094598556082e+01
2.254300000000000281e+01	2.061316406511127397e+01
2.262900000000000134e+01	2.179991709993451110e+01
2.309499999999999886e+01	2.276097057815826830e+01
2.790800000000000125e+01	2.534543200081630943e+01
2.343900000000000006e+01	1.944761927599486739e+01
2.504699999999999704e+01	2.266719934219214139e+01
2.370199999999999818e+01	2.067691397343734394e+01
1.874800000000000111e+01	1.777776457294415735e+01
2.059199999999999875e+01	2.178637264285653075e+01
2.947100000000000009e+01	2.494840189033640954e+01
2.165699999999999648e+01	2.378227796549871442e+01
1.960299999999999798e+01	2.412695008636568872e+01
2.336100000000000065e+01	2.154579480564147431e+01
2.396099999999999852e+01	2.078918556646556937e+01
2.130199999999999960e+01	2.215570423106155218e+01
2.538100000000000023e+01	2.528084627770035553e+01
2.114999999999999858e+01	2.001776359216032475e+01
2.195800000000000196e+01	2.119910435133887816e+01
2.317999999999999972e+01	2.080398832604769410e+01
2.572500000000000142e+01	2.082215033090599476e+01
2.330699999999999861e+01	2.513158328060202962e+01
1.939499999999999957e+01	2.368698643157437544e+01
2.512999999999999901e+01	2.610319361894807244e+01
2.163400000000000034e+01	2.245362150838317206e+01
2.458900000000000219e+01	2.404548701308100789e+01
2.444300000000000139e+01	2.376383677942266104e+01
2.392399999999999949e+01	2.214424537139010241e+01
2.387000000000000099e+01	2.267538198215216738e+01
2.110000000000000142e+01	1.884940036151658660e+01
2.139499999999999957e+01	2.222116518838658550e+01
2.130499999999999972e+01	2.279037139875396534e+01
2.182600000000000051e+01	2.242457272196487139e+01
1.855499999999999972e+01	1.959115517724532296e+01
2.126999999999999957e+01	2.520285282321953346e+01
2.339099999999999824e+01	2.321069288440919820e+01
2.472899999999999920e+01	2.638660618581645423e+01
2.591600000000000037e+01	2.348125111293069267e+01
2.256599999999999895e+01	2.195694015716473757e+01
1.933999999999999986e+01	2.249252863247947687e+01
2.325699999999999790e+01	2.283195089183854520e+01
2.139199999999999946e+01	2.261584013409628469e+01
1.777200000000000202e+01	1.966920743728114829e+01
2.447300000000000253e+01	2.309632354359036199e+01
2.117999999999999972e+01	2.017143497574063105e+01
2.428199999999999648e+01	2.396688659849874625e+01
2.126800000000000068e+01	2.155815079278296764e+01
2.410999999999999943e+01	2.233357905945017663e+01
2.602599999999999980e+01	2.539147011518834773e+01
2.553900000000000148e+01	2.254984383710504048e+01
2.869699999999999918e+01	2.750482527480490447e+01
2.128199999999999648e+01	2.177274165303588660e+01
2.178400000000000247e+01	2.037752647913902848e+01
2.102699999999999747e+01	2.445970491760202492e+01
2.569999999999999929e+01	2.080326650713579895e+01
2.402699999999999747e+01	2.441982194624739222e+01
2.438400000000000034e+01	2.497981137460182310e+01
2.197199999999999775e+01	2.415231560687234236e+01
1.862400000000000233e+01	2.041483724040548253e+01
2.349199999999999733e+01	2.558110125784621047e+01
2.066300000000000026e+01	2.287507048232530238e+01
2.124800000000000111e+01	2.305330721443385755e+01
1.923099999999999810e+01	2.121363545330092393e+01
2.435900000000000176e+01	2.225520773040565459e+01
2.321999999999999886e+01	2.488646294987102436e+01
2.450499999999999901e+01	2.264390587193999949e+01
2.083999999999999986e+01	2.250251042438125282e+01
2.175300000000000011e+01	2.515687439112110013e+01
2.036200000000000188e+01	2.072892049078014409e+01
2.329199999999999804e+01	2.519844837904037149e+01
2.307900000000000063e+01	2.387444488845324386e+01
2.060399999999999920e+01	1.908664692527621654e+01
2.258099999999999952e+01	2.360633655347170645e+01
2.786300000000000310e+01	2.208526953212117050e+01
2.429500000000000171e+01	2.194334980526872414e+01
3.012900000000000134e+01	2.621148901775799445e+01
2.547199999999999775e+01	2.400075483337839444e+01
2.511699999999999733e+01	2.415691224639815360e+01
1.751800000000000068e+01	1.838350448712966312e+01
2.383699999999999974e+01	2.180485372768627528e+01
2.138500000000000156e+01	2.312595225689792855e+01
2.471000000000000085e+01	2.376148935057624101e+01
2.536199999999999832e+01	2.499898053689963007e+01
2.311100000000000065e+01	2.377596011245016072e+01
1.803000000000000114e+01	2.181329190711986143e+01
1.809199999999999875e+01	2.121007383555589954e+01
2.236800000000000210e+01	2.260498832415065351e+01
2.263100000000000023e+01	2.276198138675631100e+01
2.574900000000000233e+01	2.307267208685347271e+01
2.177899999999999991e+01	2.292445211415988027e+01
2.208699999999999974e+01	2.188326501504626620e+01
2.360800000000000054e+01	2.171734879600247581e+01
2.177199999999999847e+01	2.196973936965846974e+01
1.932900000000000063e+01	2.300359430779754888e+01
2.498900000000000077e+01	2.200238807024680199e+01
2.274800000000000111e+01	1.911584127101718167e+01
2.360599999999999810e+01	2.122678868057717949e+01
1.862800000000000011e+01	2.163022280124179275e+01
2.401599999999999824e+01	2.439189716915223372e+01
1.573299999999999876e+01	2.156460875939579580e+01
2.013400000000000034e+01	2.354917628705883814e+01
2.223199999999999932e+01	2.206950198558784848e+01
2.478900000000000148e+01	2.055051526259082806e+01
2.305199999999999960e+01	2.528666556933415777e+01
2.413899999999999935e+01	2.385426358029599569e+01
2.509400000000000119e+01	2.295960740650464516e+01
1.740399999999999991e+01	2.097095063619948974e+01
2.121400000000000219e+01	2.290225201588522808e+01
2.475499999999999901e+01	2.631437187239459519e+01
2.550800000000000267e+01	2.390798866228007569e+01
2.278300000000000125e+01	2.521887422956331903e+01
2.369800000000000040e+01	2.310514951086076252e+01
2.534600000000000009e+01	2.064271557439226257e+01
2.290900000000000247e+01	2.180361327730365772e+01
2.338400000000000034e+01	2.359459862647175399e+01
1.433699999999999974e+01	1.818135853432671922e+01
2.510599999999999810e+01	2.217553964980856307e+01
2.222199999999999775e+01	2.296316204232402924e+01
2.544199999999999662e+01	2.302762541033431631e+01
2.239400000000000190e+01	2.247381392838581249e+01
2.050000000000000000e+01	2.377323751609437252e+01
2.468400000000000105e+01	2.269160365771942622e+01
2.190800000000000125e+01	2.195739025385462639e+01
2.142000000000000171e+01	2.352269107016226357e+01
2.121999999999999886e+01	1.950641086299654958e+01
1.894900000000000162e+01	2.167938832822661865e+01
2.385999999999999943e+01	2.253046076901884121e+01
2.174900000000000233e+01	2.250065579445377750e+01
2.251800000000000068e+01	2.581937667217492560e+01
2.242300000000000182e+01	2.110815032408631708e+01
2.338599999999999923e+01	2.089342399728969824e+01
2.108900000000000219e+01	2.207399546165747495e+01
2.536100000000000065e+01	2.413012949199659474e+01
2.099199999999999733e+01	2.156899138668243054e+01
2.318699999999999761e+01	2.281542203202364405e+01
1.899800000000000111e+01	1.963699782601515409e+01
2.385999999999999943e+01	2.507693182040926771e+01
1.938799999999999812e+01	2.293811985923857577e+01
2.673099999999999810e+01	2.523830341160813973e+01
2.055300000000000082e+01	2.351740029596100356e+01
2.052400000000000091e+01	2.180738409104332476e+01
1.826000000000000156e+01	2.055210782417612947e+01
2.193800000000000239e+01	2.148928407527085582e+01
2.772599999999999909e+01	2.325156576603510317e+01
2.101599999999999824e+01	2.080961633694593971e+01
2.035200000000000031e+01	2.386874610704285971e+01
2.527400000000000091e+01	2.258640004324409389e+01
2.415199999999999747e+01	2.371597333382555561e+01
2.071400000000000219e+01	2.154892385135745769e+01
2.056699999999999662e+01	2.236331801433093602e+01
2.516099999999999781e+01	2.253950409750950357e+01
2.471900000000000119e+01	2.212981675455806396e+01
2.611400000000000077e+01	2.360992072125215557e+01
2.562599999999999767e+01	2.612044491052238371e+01
2.213800000000000168e+01	2.538933141533653171e+01
2.639400000000000190e+01	2.311533536107432241e+01
2.563500000000000156e+01	2.404395454776654617e+01
1.995400000000000063e+01	1.948509198365360717e+01
2.046499999999999986e+01	2.229803029791343150e+01
2.662599999999999767e+01	2.226324049634397539e+01
2.412599999999999767e+01	2.168115151895520398e+01
2.273000000000000043e+01	2.387416583836980521e+01
2.494400000000000261e+01	2.275126721291384513e+01
2.479199999999999804e+01	2.503799583186904343e+01
2.620699999999999719e+01	2.395858878445165985e+01
2.589699999999999847e+01	2.534633245945200031e+01
2.294000000000000128e+01	2.183080142575540350e+01
2.463699999999999690e+01	2.188495036878593680e+01
2.008299999999999841e+01	2.189994356131252573e+01
2.442300000000000182e+01	1.989399637150657085e+01
2.221099999999999852e+01	2.076022781201435663e+01
1.980400000000000205e+01	2.061482643915896418e+01
2.194099999999999895e+01	2.145867471226741330e+01
2.541000000000000014e+01	2.740731515030057963e+01
2.421300000000000097e+01	2.399210356693115642e+01
2.376900000000000190e+01	2.277110927747866853e+01
2.324900000000000233e+01	2.373745546000759887e+01
2.224399999999999977e+01	2.296664252322960209e+01
2.360199999999999676e+01	2.220151168171501865e+01
2.556500000000000128e+01	2.285161213960803650e+01
2.602300000000000324e+01	2.310768861369410132e+01
2.143800000000000239e+01	2.280767199458715311e+01
2.447300000000000253e+01	2.168124314269782360e+01
2.379199999999999804e+01	2.487361613938027816e+01
2.577899999999999991e+01	2.415669939231167618e+01
2.150400000000000134e+01	2.371365100712748841e+01
2.599599999999999866e+01	2.492992643596189950e+01
2.365300000000000225e+01	2.170686392183036162e+01
2.024599999999999866e+01	2.106770809841601277e+01
2.305400000000000205e+01	2.147003793784768533e+01
2.094000000000000128e+01	2.199286509808644041e+01
2.633300000000000196e+01	2.257231321247796529e+01
2.039600000000000080e+01	2.118362670657573332e+01
2.258399999999999963e+01	2.326423980727773255e+01
2.498600000000000065e+01	2.459040627979371507e+01
2.301399999999999935e+01	2.285497941086874718e+01
2.227699999999999747e+01	2.169471467237697837e+01
2.308099999999999952e+01	2.441892425682182832e+01
2.423099999999999810e+01	2.371211857205348039e+01
2.522199999999999775e+01	2.077158613190252012e+01
2.472699999999999676e+01	2.067228265129998377e+01
2.117699999999999960e+01	2.132715268088300320e+01
2.215599999999999881e+01	2.264001504812126697e+01
2.453400000000000247e+01	1.889949259682216365e+01
2.086400000000000077e+01	2.323461441462708166e+01
2.171099999999999852e+01	2.299149510898531190e+01
2.123400000000000176e+01	2.136204619378714398e+01
2.326000000000000156e+01	2.021650528424319404e+01
2.365300000000000225e+01	2.280937702143821966e+01
2.316099999999999781e+01	2.452772842901158867e+01
2.266800000000000281e+01	2.135573633300736063e+01
2.177899999999999991e+01	2.455636596396894333e+01
1.876900000000000190e+01	2.332935306128759123e+01
2.183099999999999952e+01	2.250249934642483041e+01
2.566000000000000014e+01	2.459732443854461792e+01
2.248000000000000043e+01	2.221511861295217116e+01
2.168499999999999872e+01	2.117104626073629348e+01
2.199399999999999977e+01	2.182403945974184012e+01
2.396300000000000097e+01	2.202199182067952776e+01
2.062000000000000099e+01	2.109482072368101768e+01
2.117000000000000171e+01	2.356664007574898534e+01
2.082999999999999829e+01	2.316760182849333560e+01
2.209900000000000020e+01	2.365327007569127815e+01
2.406800000000000139e+01	2.184921457101740572e+01
2.438599999999999923e+01	2.708735177997097310e+01
1.766799999999999926e+01	2.097159930755751134e+01
2.461599999999999966e+01	2.276253754895193993e+01
2.546099999999999852e+01	2.327842072754258140e+01
2.217500000000000071e+01	2.095814928923190479e+01
2.640900000000000247e+01	2.591172359171168793e+01
2.306800000000000139e+01	2.206609690249064570e+01
2.309800000000000253e+01	2.397308225143120097e+01
1.907000000000000028e+01	2.049055327168154506e+01
1.931500000000000128e+01	2.295693221955452756e+01
1.801200000000000045e+01	2.033352722756518816e+01
1.972299999999999898e+01	2.284191857745501153e+01
1.845100000000000051e+01	2.197544584814013291e+01
2.372599999999999909e+01	2.405776107092860983e+01
2.080900000000000105e+01	2.099524029850183027e+01
2.142399999999999949e+01	1.979010419131463649e+01
2.521300000000000097e+01	2.264160856144244249e+01
2.207300000000000040e+01	2.512313597298125600e+01
2.572300000000000253e+01	2.308827789201221492e+01
2.406300000000000239e+01	2.330246577028247046e+01
2.168800000000000239e+01	2.460090190473902183e+01
2.337000000000000099e+01	2.310108707397512973e+01
2.201000000000000156e+01	2.474179491567732470e+01
2.446900000000000119e+01	2.251618612812852760e+01
2.268400000000000105e+01	2.350555438583948842e+01
2.499300000000000210e+01	2.418653049227967244e+01
2.091400000000000148e+01	2.084286022391124149e+01
1.920599999999999952e+01	2.007909604124009562e+01
2.102499999999999858e+01	2.153906304271723471e+01
2.566499999999999915e+01	2.215843818919199748e+01
1.989300000000000068e+01	2.059064262918177945e+01
2.549800000000000111e+01	2.281561240203548380e+01
1.924500000000000099e+01	2.056301420230549937e+01
2.771699999999999875e+01	2.429696243331979844e+01
1.973999999999999844e+01	2.437836360195841223e+01
2.371699999999999875e+01	2.133262321622374103e+01
2.207600000000000051e+01	2.253488565480111916e+01
2.694199999999999662e+01	2.363196650820900757e+01
2.199500000000000099e+01	2.292962151233630763e+01
2.075800000000000267e+01	2.125760418888132364e+01
2.333800000000000097e+01	2.182819621147097777e+01
2.028200000000000003e+01	2.398521343352444646e+01
2.148099999999999810e+01	2.482545587784341379e+01
2.153199999999999648e+01	2.298617140686872773e+01
2.018299999999999983e+01	2.209995717285289984e+01
2.412800000000000011e+01	2.122853142815248972e+01
2.772699999999999676e+01	2.729793306626611837e+01
2.531699999999999662e+01	2.569606740038940984e+01
2.176099999999999923e+01	2.369406602482030166e+01
2.483699999999999974e+01	1.821429555751405971e+01
2.067099999999999937e+01	2.310600589903467039e+01
2.072599999999999909e+01	2.132334018174725543e+01
2.494599999999999795e+01	2.566054699206811307e+01
2.243199999999999861e+01	2.207949757073575725e+01
2.322500000000000142e+01	2.360758777693220267e+01
2.467599999999999838e+01	2.177969490315794587e+01
2.496699999999999875e+01	2.470029902454870907e+01
2.424599999999999866e+01	2.120529575260481536e+01
2.427199999999999847e+01	2.279363261852975242e+01
2.555800000000000338e+01	2.091532416008824313e+01
2.087300000000000111e+01	1.862999987120625889e+01
2.311599999999999966e+01	2.346073253049423002e+01
2.482300000000000040e+01	2.623170833030652460e+01
2.220599999999999952e+01	2.612368017558426914e+01
2.492699999999999960e+01	2.498716896180641100e+01
2.249599999999999866e+01	2.178558989514792898e+01
2.271099999999999852e+01	2.154404770152990878e+01
2.115099999999999980e+01	1.983194228425844230e+01
2.275800000000000267e+01	2.225050881288919413e+01
2.194500000000000028e+01	2.189722840293312700e+01
1.822100000000000009e+01	2.156903721905015203e+01
